   1           13.25894000
   2           24.14402000
   3           35.11879000
   4           46.11403000
   5           57.11719000
   6           68.12425000
   7           79.13354000
   8           90.14420000
   9          101.15580000
  10          112.16805000
  11          123.18078000
  12          134.19387000
  13          145.20726000
  14          156.22087000
  15          167.23468000
  16          178.24864000
  17          189.26274000
  18          200.27696000
  19          211.29128000
  20          222.30569000
  21          233.32018000
  22          244.33475000
  23          255.34939000
  24          266.36409000
  25          277.37885000
  26          288.39367000
  27          299.40853000
  28          310.42345000
  29          321.43841000
  30          332.45342000
  31          343.46847000
  32          354.48356000
  33          365.49870000
  34          376.51387000
  35          387.52908000
  36          398.54433000
  37          409.55961000
  38          420.57493000
  39          431.59028000
  40          442.60567000
  41          453.62109000
  42          464.63655000
  43          475.65203000
  44          486.66755000
  45          497.68311000
  46          508.69869000
  47          519.71430000
  48          530.72995000
  49          541.74563000
  50          552.76134000
  51          563.77708000
  52          574.79285000
  53          585.80865000
  54          596.82449000
  55          607.84036000
  56          618.85626000
  57          629.87219000
  58          640.88816000
  59          651.90416000
  60          662.92020000
  61          673.93628000
  62          684.95241000
  63          695.96858000
  64          706.98480000
  65          718.00107000
  66          729.01740000
  67          740.03380000
  68          751.05026000
  69          762.06681000
  70          773.08344000
  71          784.10016000
  72          795.11699000
  73          806.13395000
  74          817.15103000
  75          828.16827000
  76          839.18566000
  77          850.20325000
  78          861.22104000
  79          872.23905000
  80          883.25732000
  81          894.27587000
  82          905.29472000
  83          916.31392000
  84          927.33349000
  85          938.35348000
  86          949.37391000
  87          960.39484000
  88          971.41631000
  89          982.43837000
  90          993.46106000
  91         1004.48445000
  92         1015.50860000
  93         1026.53356000
  94         1037.55940000
  95         1048.58618000
  96         1059.61399000
  97         1070.64290000
  98         1081.67297000
  99         1092.70431000
 100         1103.73700000
 101         1114.77112000
 102         1125.80677000
 103         1136.84405000
 104         1147.88306000
 105         1158.92391000
 106         1169.96670000
 107         1181.01156000
 108         1192.05860000
 109         1203.10793000
 110         1214.15970000
 111         1225.21402000
 112         1236.27102000
 113         1247.33086000
 114         1258.39366000
 115         1269.45957000
 116         1280.52874000
 117         1291.60132000
 118         1302.67746000
 119         1313.75734000
 120         1324.84109000
 121         1335.92891000
 122         1347.02094000
 123         1358.11737000
 124         1369.21838000
 125         1380.32413000
 126         1391.43482000
 127         1402.55062000
 128         1413.67173000
 129         1424.79834000
 130         1435.93065000
 131         1447.06884000
 132         1458.21312000
 133         1469.36369000
 134         1480.52076000
 135         1491.68454000
 136         1502.85523000
 137         1514.03304000
 138         1525.21820000
 139         1536.41091000
 140         1547.61140000
 141         1558.81989000
 142         1570.03659000
 143         1581.26174000
 144         1592.49557000
 145         1603.73829000
 146         1614.99014000
 147         1626.25135000
 148         1637.52215000
 149         1648.80278000
 150         1660.09348000
 151         1671.39447000
 152         1682.70600000
 153         1694.02832000
 154         1705.36164000
 155         1716.70623000
 156         1728.06232000
 157         1739.43016000
 158         1750.80999000
 159         1762.20204000
 160         1773.60658000
 161         1785.02385000
 162         1796.45409000
 163         1807.89754000
 164         1819.35447000
 165         1830.82511000
 166         1842.30972000
 167         1853.80854000
 168         1865.32182000
 169         1876.84981000
 170         1888.39276000
 171         1899.95093000
 172         1911.52455000
 173         1923.11388000
 174         1934.71918000
 175         1946.34068000
 176         1957.97864000
 177         1969.63331000
 178         1981.30494000
 179         1992.99377000
 180         2004.70006000
 181         2016.42405000
 182         2028.16600000
 183         2039.92614000
 184         2051.70473000
 185         2063.50202000
 186         2075.31825000
 187         2087.15366000
 188         2099.00851000
 189         2110.88304000
 190         2122.77749000
 191         2134.69211000
 192         2146.62714000
 193         2158.58283000
 194         2170.55942000
 195         2182.55714000
 196         2194.57625000
 197         2206.61698000
 198         2218.67957000
 199         2230.76426000
 200         2242.87129000
 201         2255.00090000
 202         2267.15333000
 203         2279.32880000
 204         2291.52757000
 205         2303.74986000
 206         2315.99591000
 207         2328.26595000
 208         2340.56021000
 209         2352.87893000
 210         2365.22233000
 211         2377.59066000
 212         2389.98413000
 213         2402.40298000
 214         2414.84744000
 215         2427.31773000
 216         2439.81408000
 217         2452.33671000
 218         2464.88586000
 219         2477.46173000
 220         2490.06457000
 221         2502.69459000
 222         2515.35201000
 223         2528.03705000
 224         2540.74993000
 225         2553.49088000
 226         2566.26011000
 227         2579.05784000
 228         2591.88428000
 229         2604.73966000
 230         2617.62419000
 231         2630.53807000
 232         2643.48153000
 233         2656.45479000
 234         2669.45804000
 235         2682.49150000
 236         2695.55539000
 237         2708.64991000
 238         2721.77528000
 239         2734.93169000
 240         2748.11936000
 241         2761.33850000
 242         2774.58931000
 243         2787.87199000
 244         2801.18676000
 245         2814.53381000
 246         2827.91335000
 247         2841.32558000
 248         2854.77070000
 249         2868.24892000
 250         2881.76043000
 251         2895.30543000
 252         2908.88413000
 253         2922.49672000
 254         2936.14339000
 255         2949.82435000
 256         2963.53979000
 257         2977.28991000
 258         2991.07490000
 259         3004.89496000
 260         3018.75028000
 261         3032.64105000
 262         3046.56747000
 263         3060.52972000
 264         3074.52801000
 265         3088.56251000
 266         3102.63342000
 267         3116.74094000
 268         3130.88524000
 269         3145.06651000
 270         3159.28495000
 271         3173.54075000
 272         3187.83408000
 273         3202.16513000
 274         3216.53410000
 275         3230.94115000
 276         3245.38649000
 277         3259.87030000
 278         3274.39274000
 279         3288.95402000
 280         3303.55432000
 281         3318.19380000
 282         3332.87267000
 283         3347.59109000
 284         3362.34925000
 285         3377.14732000
 286         3391.98550000
 287         3406.86395000
 288         3421.78286000
 289         3436.74241000
 290         3451.74276000
 291         3466.78411000
 292         3481.86663000
 293         3496.99049000
 294         3512.15587000
 295         3527.36295000
 296         3542.61190000
 297         3557.90290000
 298         3573.23613000
 299         3588.61175000
 300         3604.02994000
 301         3619.49088000
 302         3634.99474000
 303         3650.54169000
 304         3666.13191000
 305         3681.76557000
 306         3697.44283000
 307         3713.16388000
 308         3728.92889000
 309         3744.73801000
 310         3760.59144000
 311         3776.48933000
 312         3792.43186000
 313         3808.41920000
 314         3824.45151000
 315         3840.52898000
 316         3856.65176000
 317         3872.82002000
 318         3889.03395000
 319         3905.29369000
 320         3921.59943000
 321         3937.95133000
 322         3954.34956000
 323         3970.79428000
 324         3987.28567000
 325         4003.82389000
 326         4020.40910000
 327         4037.04149000
 328         4053.72120000
 329         4070.44842000
 330         4087.22330000
 331         4104.04601000
 332         4120.91672000
 333         4137.83559000
 334         4154.80280000
 335         4171.81850000
 336         4188.88286000
 337         4205.99604000
 338         4223.15822000
 339         4240.36955000
 340         4257.63020000
 341         4274.94034000
 342         4292.30013000
 343         4309.70973000
 344         4327.16931000
 345         4344.67904000
 346         4362.23908000
 347         4379.84958000
 348         4397.51072000
 349         4415.22267000
 350         4432.98557000
 351         4450.79960000
 352         4468.66493000
 353         4486.58170000
 354         4504.55010000
 355         4522.57028000
 356         4540.64240000
 357         4558.76663000
 358         4576.94313000
 359         4595.17207000
 360         4613.45360000
 361         4631.78789000
 362         4650.17511000
 363         4668.61542000
 364         4687.10897000
 365         4705.65594000
 366         4724.25648000
 367         4742.91076000
 368         4761.61894000
 369         4780.38119000
 370         4799.19766000
 371         4818.06852000
 372         4836.99394000
 373         4855.97407000
 374         4875.00907000
 375         4894.09912000
 376         4913.24438000
 377         4932.44499000
 378         4951.70114000
 379         4971.01298000
 380         4990.38068000
 381         5009.80439000
 382         5029.28429000
 383         5048.82052000
 384         5068.41327000
 385         5088.06268000
 386         5107.76893000
 387         5127.53217000
 388         5147.35257000
 389         5167.23029000
 390         5187.16550000
 391         5207.15836000
 392         5227.20902000
 393         5247.31767000
 394         5267.48445000
 395         5287.70953000
 396         5307.99307000
 397         5328.33525000
 398         5348.73622000
 399         5369.19614000
 400         5389.71519000
 401         5410.29351000
 402         5430.93129000
 403         5451.62868000
 404         5472.38584000
 405         5493.20294000
 406         5514.08015000
 407         5535.01762000
 408         5556.01553000
 409         5577.07404000
 410         5598.19330000
 411         5619.37350000
 412         5640.61478000
 413         5661.91733000
 414         5683.28129000
 415         5704.70684000
 416         5726.19414000
 417         5747.74336000
 418         5769.35466000
 419         5791.02821000
 420         5812.76417000
 421         5834.56272000
 422         5856.42400000
 423         5878.34820000
 424         5900.33548000
 425         5922.38600000
 426         5944.49993000
 427         5966.67744000
 428         5988.91869000
 429         6011.22386000
 430         6033.59310000
 431         6056.02658000
 432         6078.52448000
 433         6101.08695000
 434         6123.71417000
 435         6146.40631000
 436         6169.16352000
 437         6191.98599000
 438         6214.87388000
 439         6237.82735000
 440         6260.84657000
 441         6283.93172000
 442         6307.08296000
 443         6330.30046000
 444         6353.58439000
 445         6376.93492000
 446         6400.35221000
 447         6423.83644000
 448         6447.38778000
 449         6471.00640000
 450         6494.69246000
 451         6518.44615000
 452         6542.26761000
 453         6566.15704000
 454         6590.11459000
 455         6614.14045000
 456         6638.23477000
 457         6662.39773000
 458         6686.62951000
 459         6710.93027000
 460         6735.30019000
 461         6759.73944000
 462         6784.24818000
 463         6808.82660000
 464         6833.47486000
 465         6858.19314000
 466         6882.98161000
 467         6907.84045000
 468         6932.76982000
 469         6957.76990000
 470         6982.84086000
 471         7007.98288000
 472         7033.19613000
 473         7058.48079000
 474         7083.83702000
 475         7109.26501000
 476         7134.76493000
 477         7160.33696000
 478         7185.98126000
 479         7211.69802000
 480         7237.48741000
 481         7263.34960000
 482         7289.28478000
 483         7315.29312000
 484         7341.37479000
 485         7367.52997000
 486         7393.75884000
 487         7420.06157000
 488         7446.43835000
 489         7472.88935000
 490         7499.41474000
 491         7526.01471000
 492         7552.68944000
 493         7579.43910000
 494         7606.26387000
 495         7633.16392000
 496         7660.13945000
 497         7687.19062000
 498         7714.31763000
 499         7741.52064000
 500         7768.79983000
 501         7796.15540000
 502         7823.58751000
 503         7851.09635000
 504         7878.68209000
 505         7906.34493000
 506         7934.08504000
 507         7961.90260000
 508         7989.79780000
 509         8017.77082000
 510         8045.82183000
 511         8073.95102000
 512         8102.15858000
 513         8130.44469000
 514         8158.80952000
 515         8187.25327000
 516         8215.77612000
 517         8244.37824000
 518         8273.05983000
 519         8301.82108000
 520         8330.66215000
 521         8359.58325000
 522         8388.58455000
 523         8417.66624000
 524         8446.82850000
 525         8476.07153000
 526         8505.39550000
 527         8534.80060000
 528         8564.28703000
 529         8593.85496000
 530         8623.50459000
 531         8653.23610000
 532         8683.04967000
 533         8712.94551000
 534         8742.92378000
 535         8772.98470000
 536         8803.12843000
 537         8833.35517000
 538         8863.66511000
 539         8894.05845000
 540         8924.53536000
 541         8955.09604000
 542         8985.74068000
 543         9016.46946000
 544         9047.28259000
 545         9078.18025000
 546         9109.16263000
 547         9140.22992000
 548         9171.38232000
 549         9202.62001000
 550         9233.94320000
 551         9265.35206000
 552         9296.84680000
 553         9328.42761000
 554         9360.09468000
 555         9391.84820000
 556         9423.68837000
 557         9455.61539000
 558         9487.62944000
 559         9519.73072000
 560         9551.91942000
 561         9584.19575000
 562         9616.55990000
 563         9649.01206000
 564         9681.55242000
 565         9714.18119000
 566         9746.89857000
 567         9779.70474000
 568         9812.59990000
 569         9845.58426000
 570         9878.65801000
 571         9911.82135000
 572         9945.07447000
 573         9978.41758000
 574        10011.85090000
 575        10045.37450000
 576        10078.98880000
 577        10112.69380000
 578        10146.48980000
 579        10180.37700000
 580        10214.35560000
 581        10248.42580000
 582        10282.58770000
 583        10316.84170000
 584        10351.18780000
 585        10385.62630000
 586        10420.15740000
 587        10454.78130000
 588        10489.49810000
 589        10524.30820000
 590        10559.21170000
 591        10594.20880000
 592        10629.29970000
 593        10664.48460000
 594        10699.76370000
 595        10735.13730000
 596        10770.60540000
 597        10806.16840000
 598        10841.82650000
 599        10877.57980000
 600        10913.42850000
 601        10949.37290000
 602        10985.41310000
 603        11021.54950000
 604        11057.78210000
 605        11094.11110000
 606        11130.53690000
 607        11167.05960000
 608        11203.67940000
 609        11240.39650000
 610        11277.21110000
 611        11314.12350000
 612        11351.13380000
 613        11388.24230000
 614        11425.44910000
 615        11462.75450000
 616        11500.15870000
 617        11537.66190000
 618        11575.26430000
 619        11612.96610000
 620        11650.76760000
 621        11688.66890000
 622        11726.67020000
 623        11764.77190000
 624        11802.97400000
 625        11841.27680000
 626        11879.68050000
 627        11918.18540000
 628        11956.79160000
 629        11995.49930000
 630        12034.30880000
 631        12073.22040000
 632        12112.23410000
 633        12151.35020000
 634        12190.56890000
 635        12229.89050000
 636        12269.31520000
 637        12308.84320000
 638        12348.47460000
 639        12388.20980000
 640        12428.04890000
 641        12467.99220000
 642        12508.03980000
 643        12548.19210000
 644        12588.44910000
 645        12628.81120000
 646        12669.27850000
 647        12709.85130000
 648        12750.52980000
 649        12791.31420000
 650        12832.20480000
 651        12873.20170000
 652        12914.30520000
 653        12955.51540000
 654        12996.83270000
 655        13038.25730000
 656        13079.78930000
 657        13121.42900000
 658        13163.17660000
 659        13205.03240000
 660        13246.99650000
 661        13289.06920000
 662        13331.25080000
 663        13373.54130000
 664        13415.94110000
 665        13458.45050000
 666        13501.06950000
 667        13543.79850000
 668        13586.63760000
 669        13629.58720000
 670        13672.64730000
 671        13715.81830000
 672        13759.10040000
 673        13802.49380000
 674        13845.99880000
 675        13889.61550000
 676        13933.34420000
 677        13977.18510000
 678        14021.13850000
 679        14065.20450000
 680        14109.38350000
 681        14153.67560000
 682        14198.08110000
 683        14242.60020000
 684        14287.23320000
 685        14331.98020000
 686        14376.84150000
 687        14421.81740000
 688        14466.90810000
 689        14512.11370000
 690        14557.43460000
 691        14602.87100000
 692        14648.42300000
 693        14694.09100000
 694        14739.87520000
 695        14785.77580000
 696        14831.79310000
 697        14877.92720000
 698        14924.17850000
 699        14970.54710000
 700        15017.03330000
 701        15063.63740000
 702        15110.35950000
 703        15157.19990000
 704        15204.15890000
 705        15251.23670000
 706        15298.43340000
 707        15345.74950000
 708        15393.18510000
 709        15440.74040000
 710        15488.41560000
 711        15536.21120000
 712        15584.12710000
 713        15632.16380000
 714        15680.32150000
 715        15728.60030000
 716        15777.00060000
 717        15825.52250000
 718        15874.16640000
 719        15922.93240000
 720        15971.82080000
 721        16020.83190000
 722        16069.96590000
 723        16119.22300000
 724        16168.60350000
 725        16218.10760000
 726        16267.73560000
 727        16317.48780000
 728        16367.36430000
 729        16417.36540000
 730        16467.49140000
 731        16517.74250000
 732        16568.11890000
 733        16618.62100000
 734        16669.24890000
 735        16720.00290000
 736        16770.88330000
 737        16821.89020000
 738        16873.02410000
 739        16924.28500000
 740        16975.67330000
 741        17027.18910000
 742        17078.83290000
 743        17130.60470000
 744        17182.50490000
 745        17234.53370000
 746        17286.69130000
 747        17338.97810000
 748        17391.39430000
 749        17443.94000000
 750        17496.61570000
 751        17549.42140000
 752        17602.35760000
 753        17655.42440000
 754        17708.62210000
 755        17761.95090000
 756        17815.41110000
 757        17869.00310000
 758        17922.72690000
 759        17976.58290000
 760        18030.57130000
 761        18084.69240000
 762        18138.94650000
 763        18193.33380000
 764        18247.85450000
 765        18302.50900000
 766        18357.29740000
 767        18412.22010000
 768        18467.27730000
 769        18522.46920000
 770        18577.79620000
 771        18633.25850000
 772        18688.85630000
 773        18744.58990000
 774        18800.45960000
 775        18856.46560000
 776        18912.60820000
 777        18968.88770000
 778        19025.30430000
 779        19081.85830000
 780        19138.54990000
 781        19195.37950000
 782        19252.34720000
 783        19309.45340000
 784        19366.69830000
 785        19424.08220000
 786        19481.60530000
 787        19539.26790000
 788        19597.07030000
 789        19655.01280000
 790        19713.09550000
 791        19771.31890000
 792        19829.68300000
 793        19888.18830000
 794        19946.83500000
 795        20005.62340000
 796        20064.55370000
 797        20123.62610000
 798        20182.84110000
 799        20242.19880000
 800        20301.69940000
 801        20361.34340000
 802        20421.13090000
 803        20481.06230000
 804        20541.13770000
 805        20601.35750000
 806        20661.72200000
 807        20722.23140000
 808        20782.88600000
 809        20843.68600000
 810        20904.63180000
 811        20965.72360000
 812        21026.96170000
 813        21088.34630000
 814        21149.87780000
 815        21211.55650000
 816        21273.38250000
 817        21335.35620000
 818        21397.47790000
 819        21459.74770000
 820        21522.16610000
 821        21584.73330000
 822        21647.44960000
 823        21710.31520000
 824        21773.33040000
 825        21836.49560000
 826        21899.81090000
 827        21963.27670000
 828        22026.89330000
 829        22090.66090000
 830        22154.57980000
 831        22218.65030000
 832        22282.87260000
 833        22347.24720000
 834        22411.77420000
 835        22476.45390000
 836        22541.28660000
 837        22606.27270000
 838        22671.41230000
 839        22736.70580000
 840        22802.15340000
 841        22867.75550000
 842        22933.51240000
 843        22999.42420000
 844        23065.49130000
 845        23131.71410000
 846        23198.09270000
 847        23264.62740000
 848        23331.31870000
 849        23398.16660000
 850        23465.17170000
 851        23532.33400000
 852        23599.65390000
 853        23667.13180000
 854        23734.76780000
 855        23802.56240000
 856        23870.51570000
 857        23938.62800000
 858        24006.89980000
 859        24075.33120000
 860        24143.92250000
 861        24212.67410000
 862        24281.58620000
 863        24350.65920000
 864        24419.89330000
 865        24489.28880000
 866        24558.84600000
 867        24628.56520000
 868        24698.44680000
 869        24768.49090000
 870        24838.69790000
 871        24909.06820000
 872        24979.60190000
 873        25050.29940000
 874        25121.16100000
 875        25192.18700000
 876        25263.37770000
 877        25334.73340000
 878        25406.25440000
 879        25477.94090000
 880        25549.79340000
 881        25621.81200000
 882        25693.99710000
 883        25766.34900000
 884        25838.86810000
 885        25911.55450000
 886        25984.40860000
 887        26057.43070000
 888        26130.62110000
 889        26203.98020000
 890        26277.50810000
 891        26351.20530000
 892        26425.07200000
 893        26499.10860000
 894        26573.31520000
 895        26647.69230000
 896        26722.24020000
 897        26796.95910000
 898        26871.84940000
 899        26946.91140000
 900        27022.14530000
 901        27097.55160000
 902        27173.13040000
 903        27248.88210000
 904        27324.80710000
 905        27400.90560000
 906        27477.17790000
 907        27553.62440000
 908        27630.24530000
 909        27707.04100000
 910        27784.01180000
 911        27861.15800000
 912        27938.47990000
 913        28015.97780000
 914        28093.65210000
 915        28171.50300000
 916        28249.53080000
 917        28327.73600000
 918        28406.11870000
 919        28484.67940000
 920        28563.41830000
 921        28642.33570000
 922        28721.43190000
 923        28800.70740000
 924        28880.16230000
 925        28959.79710000
 926        29039.61200000
 927        29119.60730000
 928        29199.78340000
 929        29280.14060000
 930        29360.67920000
 931        29441.39950000
 932        29522.30190000
 933        29603.38660000
 934        29684.65400000
 935        29766.10450000
 936        29847.73820000
 937        29929.55560000
 938        30011.55700000
 939        30093.74270000
 940        30176.11310000
 941        30258.66830000
 942        30341.40890000
 943        30424.33500000
 944        30507.44710000
 945        30590.74540000
 946        30674.23030000
 947        30757.90210000
 948        30841.76110000
 949        30925.80770000
 950        31010.04210000
 951        31094.46480000
 952        31179.07600000
 953        31263.87610000
 954        31348.86540000
 955        31434.04420000
 956        31519.41280000
 957        31604.97170000
 958        31690.72110000
 959        31776.66130000
 960        31862.79270000
 961        31949.11560000
 962        32035.63030000
 963        32122.33730000
 964        32209.23670000
 965        32296.32900000
 966        32383.61450000
 967        32471.09350000
 968        32558.76630000
 969        32646.63330000
 970        32734.69480000
 971        32822.95120000
 972        32911.40280000
 973        33000.04990000
 974        33088.89290000
 975        33177.93200000
 976        33267.16770000
 977        33356.60030000
 978        33446.23010000
 979        33536.05750000
 980        33626.08280000
 981        33716.30630000
 982        33806.72830000
 983        33897.34930000
 984        33988.16960000
 985        34079.18940000
 986        34170.40920000
 987        34261.82930000
 988        34353.45000000
 989        34445.27160000
 990        34537.29460000
 991        34629.51920000
 992        34721.94590000
 993        34814.57490000
 994        34907.40660000
 995        35000.44130000
 996        35093.67940000
 997        35187.12120000
 998        35280.76710000
 999        35374.61740000
1000        35468.67250000
1001        35562.93280000
1002        35657.39850000
1003        35752.07000000
1004        35846.94760000
1005        35942.03180000
1006        36037.32290000
1007        36132.82120000
1008        36228.52700000
1009        36324.44080000
1010        36420.56280000
1011        36516.89340000
1012        36613.43310000
1013        36710.18200000
1014        36807.14070000
1015        36904.30930000
1016        37001.68840000
1017        37099.27820000
1018        37197.07910000
1019        37295.09150000
1020        37393.31560000
1021        37491.75200000
1022        37590.40080000
1023        37689.26250000
1024        37788.33750000
1025        37887.62610000
1026        37987.12860000
1027        38086.84540000
1028        38186.77690000
1029        38286.92350000
1030        38387.28540000
1031        38487.86310000
1032        38588.65690000
1033        38689.66710000
1034        38790.89420000
1035        38892.33850000
1036        38994.00040000
1037        39095.88020000
1038        39197.97820000
1039        39300.29490000
1040        39402.83070000
1041        39505.58580000
1042        39608.56060000
1043        39711.75560000
1044        39815.17100000
1045        39918.80720000
1046        40022.66470000
1047        40126.74380000
1048        40231.04470000
1049        40335.56800000
1050        40440.31400000
1051        40545.28300000
1052        40650.47550000
1053        40755.89170000
1054        40861.53200000
1055        40967.39690000
1056        41073.48670000
1057        41179.80180000
1058        41286.34250000
1059        41393.10920000
1060        41500.10230000
1061        41607.32210000
1062        41714.76910000
1063        41822.44350000
1064        41930.34590000
1065        42038.47650000
1066        42146.83570000
1067        42255.42390000
1068        42364.24160000
1069        42473.28890000
1070        42582.56640000
1071        42692.07440000
1072        42801.81330000
1073        42911.78340000
1074        43021.98520000
1075        43132.41900000
1076        43243.08520000
1077        43353.98420000
1078        43465.11640000
1079        43576.48200000
1080        43688.08160000
1081        43799.91560000
1082        43911.98410000
1083        44024.28780000
1084        44136.82690000
1085        44249.60180000
1086        44362.61300000
1087        44475.86070000
1088        44589.34550000
1089        44703.06760000
1090        44817.02740000
1091        44931.22540000
1092        45045.66190000
1093        45160.33740000
1094        45275.25210000
1095        45390.40650000
1096        45505.80100000
1097        45621.43600000
1098        45737.31180000
1099        45853.42880000
1100        45969.78750000
1101        46086.38820000
1102        46203.23130000
1103        46320.31710000
1104        46437.64620000
1105        46555.21890000
1106        46673.03550000
1107        46791.09660000
1108        46909.40230000
1109        47027.95330000
1110        47146.74970000
1111        47265.79210000
1112        47385.08090000
1113        47504.61640000
1114        47624.39900000
1115        47744.42910000
1116        47864.70720000
1117        47985.23350000
1118        48106.00860000
1119        48227.03280000
1120        48348.30650000
1121        48469.83010000
1122        48591.60400000
1123        48713.62870000
1124        48835.90440000
1125        48958.43160000
1126        49081.21080000
1127        49204.24220000
1128        49327.52640000
1129        49451.06370000
1130        49574.85440000
1131        49698.89910000
1132        49823.19820000
1133        49947.75190000
1134        50072.56080000
1135        50197.62520000
1136        50322.94560000
1137        50448.52230000
1138        50574.35570000
1139        50700.44630000
1140        50826.79450000
1141        50953.40060000
1142        51080.26510000
1143        51207.38840000
1144        51334.77090000
1145        51462.41300000
1146        51590.31510000
1147        51718.47770000
1148        51846.90110000
1149        51975.58570000
1150        52104.53200000
1151        52233.74030000
1152        52363.21110000
1153        52492.94480000
1154        52622.94190000
1155        52753.20260000
1156        52883.72750000
1157        53014.51690000
1158        53145.57130000
1159        53276.89110000
1160        53408.47660000
1161        53540.32840000
1162        53672.44680000
1163        53804.83220000
1164        53937.48510000
1165        54070.40590000
1166        54203.59500000
1167        54337.05280000
1168        54470.77970000
1169        54604.77620000
1170        54739.04260000
1171        54873.57950000
1172        55008.38720000
1173        55143.46610000
1174        55278.81660000
1175        55414.43930000
1176        55550.33440000
1177        55686.50250000
1178        55822.94400000
1179        55959.65920000
1180        56096.64860000
1181        56233.91260000
1182        56371.45170000
1183        56509.26630000
1184        56647.35680000
1185        56785.72360000
1186        56924.36710000
1187        57063.28790000
1188        57202.48630000
1189        57341.96270000
1190        57481.71760000
1191        57621.75130000
1192        57762.06440000
1193        57902.65730000
1194        58043.53040000
1195        58184.68410000
1196        58326.11880000
1197        58467.83510000
1198        58609.83320000
1199        58752.11370000
1200        58894.67700000
1201        59037.52360000
1202        59180.65370000
1203        59324.06800000
1204        59467.76680000
1205        59611.75060000
1206        59756.01970000
1207        59900.57470000
1208        60045.41600000
1209        60190.54400000
1210        60335.95910000
1211        60481.66180000
1212        60627.65260000
1213        60773.93180000
1214        60920.49990000
1215        61067.35730000
1216        61214.50460000
1217        61361.94210000
1218        61509.67020000
1219        61657.68950000
1220        61806.00030000
1221        61954.60310000
1222        62103.49840000
1223        62252.68650000
1224        62402.16800000
1225        62551.94330000
1226        62702.01270000
1227        62852.37690000
1228        63003.03610000
1229        63153.99090000
1230        63305.24180000
1231        63456.78900000
1232        63608.63320000
1233        63760.77480000
1234        63913.21410000
1235        64065.95170000
1236        64218.98800000
1237        64372.32340000
1238        64525.95850000
1239        64679.89360000
1240        64834.12920000
1241        64988.66570000
1242        65143.50370000
1243        65298.64350000
1244        65454.08570000
1245        65609.83060000
1246        65765.87870000
1247        65922.23060000
1248        66078.88660000
1249        66235.84710000
1250        66393.11270000
1251        66550.68390000
1252        66708.56090000
1253        66866.74440000
1254        67025.23480000
1255        67184.03260000
1256        67343.13810000
1257        67502.55190000
1258        67662.27440000
1259        67822.30600000
1260        67982.64740000
1261        68143.29880000
1262        68304.26080000
1263        68465.53380000
1264        68627.11830000
1265        68789.01470000
1266        68951.22360000
1267        69113.74540000
1268        69276.58050000
1269        69439.72940000
1270        69603.19260000
1271        69766.97050000
1272        69931.06360000
1273        70095.47240000
1274        70260.19740000
1275        70425.23900000
1276        70590.59760000
1277        70756.27380000
1278        70922.26800000
1279        71088.58080000
1280        71255.21240000
1281        71422.16350000
1282        71589.43450000
1283        71757.02590000
1284        71924.93810000
1285        72093.17170000
1286        72261.72700000
1287        72430.60460000
1288        72599.80500000
1289        72769.32850000
1290        72939.17580000
1291        73109.34720000
1292        73279.84330000
1293        73450.66440000
1294        73621.81120000
1295        73793.28410000
1296        73965.08340000
1297        74137.20990000
1298        74309.66380000
1299        74482.44570000
1300        74655.55610000
1301        74828.99540000
1302        75002.76420000
1303        75176.86290000
1304        75351.29190000
1305        75526.05190000
1306        75701.14320000
1307        75876.56630000
1308        76052.32180000
1309        76228.41000000
1310        76404.83160000
1311        76581.58690000
1312        76758.67650000
1313        76936.10090000
1314        77113.86040000
1315        77291.95570000
1316        77470.38720000
1317        77649.15540000
1318        77828.26080000
1319        78007.70390000
1320        78187.48510000
1321        78367.60500000
1322        78548.06400000
1323        78728.86270000
1324        78910.00140000
1325        79091.48080000
1326        79273.30130000
1327        79455.46340000
1328        79637.96760000
1329        79820.81440000
1330        80004.00430000
1331        80187.53770000
1332        80371.41530000
1333        80555.63740000
1334        80740.20450000
1335        80925.11720000
1336        81110.37600000
1337        81295.98130000
1338        81481.93370000
1339        81668.23360000
1340        81854.88160000
1341        82041.87810000
1342        82229.22360000
1343        82416.91880000
1344        82604.96390000
1345        82793.35960000
1346        82982.10640000
1347        83171.20470000
1348        83360.65510000
1349        83550.45800000
1350        83740.61400000
1351        83931.12360000
1352        84121.98720000
1353        84313.20540000
1354        84504.77870000
1355        84696.70760000
1356        84888.99260000
1357        85081.63420000
1358        85274.63290000
1359        85467.98920000
1360        85661.70360000
1361        85855.77670000
1362        86050.20890000
1363        86245.00080000
1364        86440.15280000
1365        86635.66550000
1366        86831.53940000
1367        87027.77500000
1368        87224.37280000
1369        87421.33340000
1370        87618.65710000
1371        87816.34470000
1372        88014.39640000
1373        88212.81300000
1374        88411.59480000
1375        88610.74250000
1376        88810.25650000
1377        89010.13730000
1378        89210.38550000
1379        89411.00160000
1380        89611.98610000
1381        89813.33950000
1382        90015.06230000
1383        90217.15500000
1384        90419.61830000
1385        90622.45250000
1386        90825.65830000
1387        91029.23600000
1388        91233.18640000
1389        91437.50980000
1390        91642.20680000
1391        91847.27800000
1392        92052.72380000
1393        92258.54470000
1394        92464.74140000
1395        92671.31430000
1396        92878.26400000
1397        93085.59090000
1398        93293.29560000
1399        93501.37870000
1400        93709.84060000
1401        93918.68190000
1402        94127.90310000
1403        94337.50480000
1404        94547.48750000
1405        94757.85160000
1406        94968.59780000
1407        95179.72650000
1408        95391.23840000
1409        95603.13390000
1410        95815.41350000
1411        96028.07790000
1412        96241.12740000
1413        96454.56280000
1414        96668.38440000
1415        96882.59290000
1416        97097.18870000
1417        97312.17250000
1418        97527.54460000
1419        97743.30580000
1420        97959.45650000
1421        98175.99720000
1422        98392.92860000
1423        98610.25100000
1424        98827.96520000
1425        99046.07150000
1426        99264.57060000
1427        99483.46300000
1428        99702.74920000
1429        99922.42990000
1430       100142.50500000
1431       100362.97600000
1432       100583.84300000
1433       100805.10700000
1434       101026.76800000
1435       101248.82600000
1436       101471.28200000
1437       101694.13700000
1438       101917.39200000
1439       102141.04600000
1440       102365.10100000
1441       102589.55600000
1442       102814.41400000
1443       103039.67300000
1444       103265.33400000
1445       103491.39900000
1446       103717.86700000
1447       103944.74000000
1448       104172.01700000
1449       104399.70000000
1450       104627.78900000
1451       104856.28400000
1452       105085.18600000
1453       105314.49500000
1454       105544.21300000
1455       105774.33900000
1456       106004.87400000
1457       106235.82000000
1458       106467.17500000
1459       106698.94100000
1460       106931.11900000
1461       107163.70900000
1462       107396.71100000
1463       107630.12700000
1464       107863.95600000
1465       108098.19900000
1466       108332.85700000
1467       108567.93000000
1468       108803.42000000
1469       109039.32500000
1470       109275.64800000
1471       109512.38800000
1472       109749.54700000
1473       109987.12400000
1474       110225.12000000
1475       110463.53700000
1476       110702.37300000
1477       110941.63100000
1478       111181.31000000
1479       111421.41200000
1480       111661.93600000
1481       111902.88300000
1482       112144.25400000
1483       112386.04900000
1484       112628.26900000
1485       112870.91500000
1486       113113.98700000
1487       113357.48600000
1488       113601.41200000
1489       113845.76500000
1490       114090.54700000
1491       114335.75800000
1492       114581.39800000
1493       114827.46900000
1494       115073.97000000
1495       115320.90200000
1496       115568.26700000
1497       115816.06300000
1498       116064.29300000
1499       116312.95600000
1500       116562.05300000
1501       116811.58500000
1502       117061.55200000
1503       117311.95500000
1504       117562.79400000
1505       117814.07100000
1506       118065.78500000
1507       118317.93700000
1508       118570.52800000
1509       118823.55800000
1510       119077.02800000
1511       119330.93900000
1512       119585.29100000
1513       119840.08400000
1514       120095.32000000
1515       120350.99800000
1516       120607.12000000
1517       120863.68600000
1518       121120.69600000
1519       121378.15200000
1520       121636.05300000
1521       121894.40100000
1522       122153.19600000
1523       122412.43800000
1524       122672.12800000
1525       122932.26700000
1526       123192.85600000
1527       123453.89400000
1528       123715.38200000
1529       123977.32200000
1530       124239.71300000
1531       124502.55700000
1532       124765.85300000
1533       125029.60300000
1534       125293.80700000
1535       125558.46600000
1536       125823.58000000
1537       126089.14900000
1538       126355.17500000
1539       126621.65800000
1540       126888.59900000
1541       127155.99700000
1542       127423.85500000
1543       127692.17200000
1544       127960.94900000
1545       128230.18600000
1546       128499.88500000
1547       128770.04600000
1548       129040.66800000
1549       129311.75400000
1550       129583.30400000
1551       129855.31800000
1552       130127.79600000
1553       130400.74000000
1554       130674.15000000
1555       130948.02600000
1556       131222.37000000
1557       131497.18200000
1558       131772.46200000
1559       132048.21100000
1560       132324.42900000
1561       132601.11800000
1562       132878.27800000
1563       133155.90900000
1564       133434.01300000
1565       133712.58900000
1566       133991.63800000
1567       134271.16100000
1568       134551.15900000
1569       134831.63200000
1570       135112.58000000
1571       135394.00500000
1572       135675.90700000
1573       135958.28700000
1574       136241.14400000
1575       136524.48100000
1576       136808.29700000
1577       137092.59300000
1578       137377.36900000
1579       137662.62700000
1580       137948.36700000
1581       138234.58900000
1582       138521.29400000
1583       138808.48300000
1584       139096.15700000
1585       139384.31500000
1586       139672.95900000
1587       139962.08900000
1588       140251.70600000
1589       140541.81100000
1590       140832.40300000
1591       141123.48500000
1592       141415.05500000
1593       141707.11600000
1594       141999.66700000
1595       142292.70900000
1596       142586.24300000
1597       142880.27000000
1598       143174.79000000
1599       143469.80300000
1600       143765.31000000
1601       144061.31300000
1602       144357.81100000
1603       144654.80600000
1604       144952.29700000
1605       145250.28600000
1606       145548.77200000
1607       145847.75800000
1608       146147.24300000
1609       146447.22700000
1610       146747.71300000
1611       147048.70000000
1612       147350.18800000
1613       147652.17900000
1614       147954.67300000
1615       148257.67200000
1616       148561.17400000
1617       148865.18100000
1618       149169.69500000
1619       149474.71400000
1620       149780.24100000
1621       150086.27500000
1622       150392.81700000
1623       150699.86800000
1624       151007.42900000
1625       151315.50000000
1626       151624.08100000
1627       151933.17400000
1628       152242.77900000
1629       152552.89700000
1630       152863.52800000
1631       153174.67400000
1632       153486.33300000
1633       153798.50900000
1634       154111.20000000
1635       154424.40700000
1636       154738.13200000
1637       155052.37500000
1638       155367.13600000
1639       155682.41600000
1640       155998.21600000
1641       156314.53700000
1642       156631.37800000
1643       156948.74200000
1644       157266.62800000
1645       157585.03600000
1646       157903.96900000
1647       158223.42600000
1648       158543.40800000
1649       158863.91500000
1650       159184.94900000
1651       159506.51000000
1652       159828.59800000
1653       160151.21400000
1654       160474.36000000
1655       160798.03500000
1656       161122.24000000
1657       161446.97600000
1658       161772.24400000
1659       162098.04300000
1660       162424.37600000
1661       162751.24200000
1662       163078.64200000
1663       163406.57700000
1664       163735.04800000
1665       164064.05400000
1666       164393.59800000
1667       164723.67800000
1668       165054.29700000
1669       165385.45500000
1670       165717.15200000
1671       166049.38900000
1672       166382.16700000
1673       166715.48700000
1674       167049.34800000
1675       167383.75200000
1676       167718.70000000
1677       168054.19100000
1678       168390.22800000
1679       168726.80900000
1680       169063.93700000
1681       169401.61200000
1682       169739.83400000
1683       170078.60300000
1684       170417.92200000
1685       170757.79000000
1686       171098.20800000
1687       171439.17700000
1688       171780.69800000
1689       172122.77000000
1690       172465.39500000
1691       172808.57400000
1692       173152.30600000
1693       173496.59400000
1694       173841.43700000
1695       174186.83600000
1696       174532.79200000
1697       174879.30500000
1698       175226.37600000
1699       175574.00600000
1700       175922.19600000
1701       176270.94600000
1702       176620.25600000
1703       176970.12900000
1704       177320.56300000
1705       177671.56000000
1706       178023.12100000
1707       178375.24600000
1708       178727.93600000
1709       179081.19200000
1710       179435.01400000
1711       179789.40200000
1712       180144.35900000
1713       180499.88300000
1714       180855.97700000
1715       181212.64100000
1716       181569.87400000
1717       181927.67900000
1718       182286.05600000
1719       182645.00500000
1720       183004.52700000
1721       183364.62300000
1722       183725.29300000
1723       184086.53900000
1724       184448.36000000
1725       184810.75800000
1726       185173.73300000
1727       185537.28700000
1728       185901.41800000
1729       186266.12900000
1730       186631.42000000
1731       186997.29200000
1732       187363.74500000
1733       187730.78000000
1734       188098.39800000
1735       188466.60000000
1736       188835.38500000
1737       189204.75500000
1738       189574.71100000
1739       189945.25300000
1740       190316.38200000
1741       190688.09900000
1742       191060.40400000
1743       191433.29800000
1744       191806.78200000
1745       192180.85600000
1746       192555.52100000
1747       192930.77800000
1748       193306.62700000
1749       193683.07000000
1750       194060.10700000
1751       194437.73800000
1752       194815.96400000
1753       195194.78700000
1754       195574.20600000
1755       195954.22300000
1756       196334.83700000
1757       196716.05100000
1758       197097.86400000
1759       197480.27700000
1760       197863.29200000
1761       198246.90700000
1762       198631.12600000
1763       199015.94700000
1764       199401.37200000
1765       199787.40100000
1766       200174.03600000
1767       200561.27600000
1768       200949.12300000
1769       201337.57800000
1770       201726.64000000
1771       202116.31100000
1772       202506.59200000
1773       202897.48200000
1774       203288.98400000
1775       203681.09700000
1776       204073.82200000
1777       204467.16100000
1778       204861.11300000
1779       205255.67900000
1780       205650.86000000
1781       206046.65800000
1782       206443.07200000
1783       206840.10300000
1784       207237.75200000
1785       207636.02000000
1786       208034.90700000
1787       208434.41500000
1788       208834.54300000
1789       209235.29300000
1790       209636.66500000
1791       210038.66000000
1792       210441.27900000
1793       210844.52200000
1794       211248.39100000
1795       211652.88500000
1796       212058.00600000
1797       212463.75500000
1798       212870.13100000
1799       213277.13600000
1800       213684.77100000
1801       214093.03600000
1802       214501.93200000
1803       214911.45900000
1804       215321.61900000
1805       215732.41200000
1806       216143.83900000
1807       216555.90100000
1808       216968.59800000
1809       217381.93100000
1810       217795.90000000
1811       218210.50700000
1812       218625.75300000
1813       219041.63700000
1814       219458.16100000
1815       219875.32600000
1816       220293.13100000
1817       220711.57900000
1818       221130.66900000
1819       221550.40200000
1820       221970.78000000
1821       222391.80200000
1822       222813.47000000
1823       223235.78400000
1824       223658.74500000
1825       224082.35400000
1826       224506.61100000
1827       224931.51800000
1828       225357.07400000
1829       225783.28100000
1830       226210.14000000
1831       226637.65100000
1832       227065.81500000
1833       227494.63200000
1834       227924.10400000
1835       228354.23000000
1836       228785.01300000
1837       229216.45300000
1838       229648.54900000
1839       230081.30400000
1840       230514.71700000
1841       230948.79100000
1842       231383.52400000
1843       231818.91800000
1844       232254.97500000
1845       232691.69400000
1846       233129.07600000
1847       233567.12200000
1848       234005.83300000
1849       234445.20900000
1850       234885.25200000
1851       235325.96200000
1852       235767.33900000
1853       236209.38500000
1854       236652.10000000
1855       237095.48600000
1856       237539.54200000
1857       237984.26900000
1858       238429.66900000
1859       238875.74200000
1860       239322.48800000
1861       239769.90900000
1862       240218.00500000
1863       240666.77800000
1864       241116.22700000
1865       241566.35300000
1866       242017.15800000
1867       242468.64200000
1868       242920.80600000
1869       243373.65000000
1870       243827.17600000
1871       244281.38300000
1872       244736.27300000
1873       245191.84700000
1874       245648.10500000
1875       246105.04900000
1876       246562.67800000
1877       247020.99300000
1878       247479.99600000
1879       247939.68800000
1880       248400.06800000
1881       248861.13700000
1882       249322.89700000
1883       249785.34800000
1884       250248.49100000
1885       250712.32700000
1886       251176.85600000
1887       251642.08000000
1888       252107.99800000
1889       252574.61200000
1890       253041.92200000
1891       253509.93000000
1892       253978.63600000
1893       254448.04000000
1894       254918.14400000
1895       255388.94900000
1896       255860.45400000
1897       256332.66200000
1898       256805.57100000
1899       257279.18500000
1900       257753.50200000
1901       258228.52500000
1902       258704.25300000
1903       259180.68700000
1904       259657.82900000
1905       260135.67800000
1906       260614.23700000
1907       261093.50500000
1908       261573.48300000
1909       262054.17300000
1910       262535.57400000
1911       263017.68800000
1912       263500.51500000
1913       263984.05600000
1914       264468.31300000
1915       264953.28500000
1916       265438.97300000
1917       265925.37900000
1918       266412.50300000
1919       266900.34600000
1920       267388.90800000
1921       267878.19100000
1922       268368.19500000
1923       268858.92000000
1924       269350.36900000
1925       269842.54100000
1926       270335.43700000
1927       270829.05800000
1928       271323.40500000
1929       271818.47900000
1930       272314.28000000
1931       272810.80900000
1932       273308.06800000
1933       273806.05500000
1934       274304.77400000
1935       274804.22400000
1936       275304.40500000
1937       275805.32000000
1938       276306.96800000
1939       276809.35100000
1940       277312.46900000
1941       277816.32300000
1942       278320.91400000
1943       278826.24200000
1944       279332.30900000
1945       279839.11500000
1946       280346.66100000
1947       280854.94700000
1948       281363.97500000
1949       281873.74500000
1950       282384.25900000
1951       282895.51600000
1952       283407.51800000
1953       283920.26500000
1954       284433.75900000
1955       284948.00000000
1956       285462.98800000
1957       285978.72500000
1958       286495.21200000
1959       287012.44900000
1960       287530.43600000
1961       288049.17600000
1962       288568.66800000
1963       289088.91300000
1964       289609.91300000
1965       290131.66800000
1966       290654.17800000
1967       291177.44500000
1968       291701.46900000
1969       292226.25200000
1970       292751.79300000
1971       293278.09400000
1972       293805.15600000
1973       294332.97900000
1974       294861.56400000
1975       295390.91300000
1976       295921.02400000
1977       296451.90100000
1978       296983.54300000
1979       297515.95000000
1980       298049.12500000
1981       298583.06800000
1982       299117.77900000
1983       299653.25900000
1984       300189.51000000
1985       300726.53100000
1986       301264.32500000
1987       301802.89100000
1988       302342.23000000
1989       302882.34300000
1990       303423.23100000
1991       303964.89600000
1992       304507.33600000
1993       305050.55400000
1994       305594.55100000
1995       306139.32600000
1996       306684.88100000
1997       307231.21700000
1998       307778.33400000
1999       308326.23300000
2000       308874.91500000
2001       309424.38100000
2002       309974.63200000
2003       310525.66900000
2004       311077.49100000
2005       311630.10100000
2006       312183.49800000
2007       312737.68500000
2008       313292.66000000
2009       313848.42600000
2010       314404.98400000
2011       314962.33300000
2012       315520.47500000
2013       316079.41000000
2014       316639.14000000
2015       317199.66500000
2016       317760.98600000
2017       318323.10400000
2018       318886.02000000
2019       319449.73400000
2020       320014.24700000
2021       320579.56100000
2022       321145.67500000
2023       321712.59100000
2024       322280.31000000
2025       322848.83200000
2026       323418.15800000
2027       323988.28900000
2028       324559.22600000
2029       325130.97000000
2030       325703.52100000
2031       326276.88000000
2032       326851.04800000
2033       327426.02700000
2034       328001.81600000
2035       328578.41700000
2036       329155.83000000
2037       329734.05600000
2038       330313.09600000
2039       330892.95100000
2040       331473.62200000
2041       332055.10900000
2042       332637.41400000
2043       333220.53700000
2044       333804.47800000
2045       334389.24000000
2046       334974.82200000
2047       335561.22500000
2048       336148.45100000
2049       336736.50000000
2050       337325.37300000
2051       337915.07000000
2052       338505.59400000
2053       339096.94300000
2054       339689.12000000
2055       340282.12500000
2056       340875.95800000
2057       341470.62200000
2058       342066.11600000
2059       342662.44100000
2060       343259.59800000
2061       343857.58900000
2062       344456.41300000
2063       345056.07300000
2064       345656.56700000
2065       346257.89800000
2066       346860.06600000
2067       347463.07200000
2068       348066.91700000
2069       348671.60200000
2070       349277.12700000
2071       349883.49400000
2072       350490.70300000
2073       351098.75400000
2074       351707.65000000
2075       352317.39000000
2076       352927.97600000
2077       353539.40800000
2078       354151.68800000
2079       354764.81500000
2080       355378.79200000
2081       355993.61800000
2082       356609.29400000
2083       357225.82200000
2084       357843.20200000
2085       358461.43500000
2086       359080.52200000
2087       359700.46400000
2088       360321.26200000
2089       360942.91500000
2090       361565.42600000
2091       362188.79500000
2092       362813.02300000
2093       363438.11100000
2094       364064.06000000
2095       364690.87000000
2096       365318.54200000
2097       365947.07700000
2098       366576.47600000
2099       367206.74000000
2100       367837.87000000
2101       368469.86600000
2102       369102.73000000
2103       369736.46200000
2104       370371.06300000
2105       371006.53300000
2106       371642.87500000
2107       372280.08800000
2108       372918.17300000
2109       373557.13200000
2110       374196.96500000
2111       374837.67200000
2112       375479.25600000
2113       376121.71600000
2114       376765.05400000
2115       377409.27000000
2116       378054.36500000
2117       378700.34000000
2118       379347.19700000
2119       379994.93400000
2120       380643.55500000
2121       381293.05900000
2122       381943.44700000
2123       382594.72000000
2124       383246.88000000
2125       383899.92600000
2126       384553.85900000
2127       385208.68200000
2128       385864.39400000
2129       386520.99500000
2130       387178.48900000
2131       387836.87300000
2132       388496.15100000
2133       389156.32300000
2134       389817.38900000
2135       390479.35000000
2136       391142.20700000
2137       391805.96200000
2138       392470.61400000
2139       393136.16500000
2140       393802.61600000
2141       394469.96800000
2142       395138.22000000
2143       395807.37500000
2144       396477.43300000
2145       397148.39500000
2146       397820.26100000
2147       398493.03300000
2148       399166.71200000
2149       399841.29800000
2150       400516.79200000
2151       401193.19500000
2152       401870.50800000
2153       402548.73200000
2154       403227.86700000
2155       403907.91500000
2156       404588.87700000
2157       405270.75200000
2158       405953.54200000
2159       406637.24900000
2160       407321.87200000
2161       408007.41300000
2162       408693.87200000
2163       409381.25100000
2164       410069.55000000
2165       410758.77000000
2166       411448.91200000
2167       412139.97600000
2168       412831.96500000
2169       413524.87700000
2170       414218.71600000
2171       414913.48000000
2172       415609.17200000
2173       416305.79200000
2174       417003.34000000
2175       417701.81800000
2176       418401.22700000
2177       419101.56700000
2178       419802.84000000
2179       420505.04500000
2180       421208.18500000
2181       421912.26000000
2182       422617.27000000
2183       423323.21700000
2184       424030.10100000
2185       424737.92400000
2186       425446.68600000
2187       426156.38800000
2188       426867.03200000
2189       427578.61700000
2190       428291.14400000
2191       429004.61500000
2192       429719.03100000
2193       430434.39200000
2194       431150.69900000
2195       431867.95300000
2196       432586.15600000
2197       433305.30600000
2198       434025.40700000
2199       434746.45800000
2200       435468.46100000
2201       436191.41500000
2202       436915.32300000
2203       437640.18500000
2204       438366.00200000
2205       439092.77400000
2206       439820.50300000
2207       440549.19000000
2208       441278.83500000
2209       442009.43900000
2210       442741.00300000
2211       443473.52900000
2212       444207.01600000
2213       444941.46600000
2214       445676.87900000
2215       446413.25700000
2216       447150.60000000
2217       447888.91000000
2218       448628.18600000
2219       449368.43100000
2220       450109.64400000
2221       450851.82700000
2222       451594.98100000
2223       452339.10600000
2224       453084.20400000
2225       453830.27500000
2226       454577.32000000
2227       455325.33900000
2228       456074.33500000
2229       456824.30800000
2230       457575.25800000
2231       458327.18600000
2232       459080.09400000
2233       459833.98200000
2234       460588.85100000
2235       461344.70300000
2236       462101.53700000
2237       462859.35500000
2238       463618.15700000
2239       464377.94500000
2240       465138.72000000
2241       465900.48100000
2242       466663.23100000
2243       467426.97000000
2244       468191.69900000
2245       468957.41800000
2246       469724.12900000
2247       470491.83300000
2248       471260.53000000
2249       472030.22200000
2250       472800.90800000
2251       473572.59100000
2252       474345.27100000
2253       475118.94800000
2254       475893.62500000
2255       476669.30000000
2256       477445.97700000
2257       478223.65400000
2258       479002.33400000
2259       479782.01700000
2260       480562.70500000
2261       481344.39600000
2262       482127.09400000
2263       482910.79900000
2264       483695.51100000
2265       484481.23100000
2266       485267.96100000
2267       486055.70100000
2268       486844.45200000
2269       487634.21500000
2270       488424.99000000
2271       489216.78000000
2272       490009.58400000
2273       490803.40400000
2274       491598.24000000
2275       492394.09300000
2276       493190.96500000
2277       493988.85500000
2278       494787.76600000
2279       495587.69700000
2280       496388.65000000
2281       497190.62600000
2282       497993.62500000
2283       498797.64800000
2284       499602.69700000
2285       500408.77200000
2286       501215.87400000
2287       502024.00400000
2288       502833.16200000
2289       503643.35100000
2290       504454.57000000
2291       505266.82000000
2292       506080.10300000
2293       506894.41900000
2294       507709.76900000
2295       508526.15400000
2296       509343.57500000
2297       510162.03300000
2298       510981.52900000
2299       511802.06300000
2300       512623.63700000
2301       513446.25100000
2302       514269.90600000
2303       515094.60400000
2304       515920.34400000
2305       516747.12800000
2306       517574.95800000
2307       518403.83300000
2308       519233.75400000
2309       520064.72300000
2310       520896.74100000
2311       521729.80700000
2312       522563.92400000
2313       523399.09200000
2314       524235.31200000
2315       525072.58500000
2316       525910.91100000
2317       526750.29200000
2318       527590.72900000
2319       528432.22200000
2320       529274.77200000
2321       530118.38100000
2322       530963.04800000
2323       531808.77600000
2324       532655.56400000
2325       533503.41400000
2326       534352.32700000
2327       535202.30400000
2328       536053.34500000
2329       536905.45100000
2330       537758.62300000
2331       538612.86300000
2332       539468.17100000
2333       540324.54700000
2334       541181.99400000
2335       542040.51100000
2336       542900.09900000
2337       543760.76100000
2338       544622.49500000
2339       545485.30400000
2340       546349.18800000
2341       547214.14800000
2342       548080.18500000
2343       548947.30000000
2344       549815.49400000
2345       550684.76800000
2346       551555.12200000
2347       552426.55700000
2348       553299.07500000
2349       554172.67600000
2350       555047.36100000
2351       555923.13100000
2352       556799.98700000
2353       557677.93000000
2354       558556.96100000
2355       559437.08100000
2356       560318.28900000
2357       561200.58900000
2358       562083.97900000
2359       562968.46200000
2360       563854.03800000
2361       564740.70800000
2362       565628.47300000
2363       566517.33400000
2364       567407.29100000
2365       568298.34600000
2366       569190.50000000
2367       570083.75300000
2368       570978.10600000
2369       571873.56000000
2370       572770.11700000
2371       573667.77600000
2372       574566.53900000
2373       575466.40800000
2374       576367.38200000
2375       577269.46200000
2376       578172.65000000
2377       579076.94600000
2378       579982.35200000
2379       580888.86800000
2380       581796.49400000
2381       582705.23300000
2382       583615.08500000
2383       584526.05100000
2384       585438.13100000
2385       586351.32700000
2386       587265.63900000
2387       588181.06800000
2388       589097.61600000
2389       590015.28300000
2390       590934.07100000
2391       591853.97900000
2392       592775.00900000
2393       593697.16200000
2394       594620.43800000
2395       595544.83900000
2396       596470.36600000
2397       597397.01900000
2398       598324.79900000
2399       599253.70800000
2400       600183.74500000
2401       601114.91300000
2402       602047.21100000
2403       602980.64100000
2404       603915.20400000
2405       604850.90000000
2406       605787.73100000
2407       606725.69800000
2408       607664.80000000
2409       608605.04000000
2410       609546.41800000
2411       610488.93500000
2412       611432.59200000
2413       612377.38900000
2414       613323.32900000
2415       614270.41100000
2416       615218.63600000
2417       616168.00600000
2418       617118.52100000
2419       618070.18200000
2420       619022.99100000
2421       619976.94700000
2422       620932.05300000
2423       621888.30800000
2424       622845.71400000
2425       623804.27100000
2426       624763.98200000
2427       625724.84500000
2428       626686.86300000
2429       627650.03600000
2430       628614.36500000
2431       629579.85100000
2432       630546.49600000
2433       631514.29900000
2434       632483.26100000
2435       633453.38500000
2436       634424.67000000
2437       635397.11700000
2438       636370.72800000
2439       637345.50300000
2440       638321.44300000
2441       639298.54900000
2442       640276.82300000
2443       641256.26400000
2444       642236.87300000
2445       643218.65300000
2446       644201.60300000
2447       645185.72500000
2448       646171.01900000
2449       647157.48600000
2450       648145.12700000
2451       649133.94400000
2452       650123.93600000
2453       651115.10600000
2454       652107.45300000
2455       653100.97900000
2456       654095.68400000
2457       655091.57000000
2458       656088.63800000
2459       657086.88700000
2460       658086.32000000
2461       659086.93700000
2462       660088.73900000
2463       661091.72700000
2464       662095.90200000
2465       663101.26500000
2466       664107.81600000
2467       665115.55700000
2468       666124.48800000
2469       667134.61000000
2470       668145.92500000
2471       669158.43300000
2472       670172.13500000
2473       671187.03200000
2474       672203.12500000
2475       673220.41400000
2476       674238.90100000
2477       675258.58700000
2478       676279.47200000
2479       677301.55800000
2480       678324.84500000
2481       679349.33400000
2482       680375.02600000
2483       681401.92200000
2484       682430.02300000
2485       683459.33000000
2486       684489.84300000
2487       685521.56500000
2488       686554.49400000
2489       687588.63300000
2490       688623.98200000
2491       689660.54300000
2492       690698.31600000
2493       691737.30100000
2494       692777.50100000
2495       693818.91500000
2496       694861.54500000
2497       695905.39200000
2498       696950.45600000
2499       697996.73900000
2500       699044.24100000
2501       700092.96300000
2502       701142.90700000
2503       702194.07200000
2504       703246.46000000
2505       704300.07300000
2506       705354.91000000
2507       706410.97200000
2508       707468.26200000
2509       708526.77800000
2510       709586.52300000
2511       710647.49700000
2512       711709.70200000
2513       712773.13700000
2514       713837.80500000
2515       714903.70500000
2516       715970.83900000
2517       717039.20800000
2518       718108.81200000
2519       719179.65300000
2520       720251.73100000
2521       721325.04800000
2522       722399.60400000
2523       723475.39900000
2524       724552.43600000
2525       725630.71500000
2526       726710.23600000
2527       727791.00100000
2528       728873.01100000
2529       729956.26600000
2530       731040.76800000
2531       732126.51700000
2532       733213.51400000
2533       734301.76000000
2534       735391.25600000
2535       736482.00300000
2536       737574.00200000
2537       738667.25400000
2538       739761.75900000
2539       740857.51900000
2540       741954.53400000
2541       743052.80600000
2542       744152.33400000
2543       745253.12100000
2544       746355.16700000
2545       747458.47300000
2546       748563.03900000
2547       749668.86700000
2548       750775.95800000
2549       751884.31300000
2550       752993.93100000
2551       754104.81600000
2552       755216.96600000
2553       756330.38300000
2554       757445.06900000
2555       758561.02300000
2556       759678.24700000
2557       760796.74200000
2558       761916.50900000
2559       763037.54800000
2560       764159.86000000
2561       765283.44700000
2562       766408.30900000
2563       767534.44700000
2564       768661.86200000
2565       769790.55500000
2566       770920.52700000
2567       772051.77800000
2568       773184.31000000
2569       774318.12400000
2570       775453.22000000
2571       776589.59900000
2572       777727.26300000
2573       778866.21200000
2574       780006.44600000
2575       781147.96800000
2576       782290.77700000
2577       783434.87500000
2578       784580.26300000
2579       785726.94100000
2580       786874.91000000
2581       788024.17200000
2582       789174.72700000
2583       790326.57600000
2584       791479.72000000
2585       792634.15900000
2586       793789.89600000
2587       794946.93000000
2588       796105.26300000
2589       797264.89500000
2590       798425.82800000
2591       799588.06200000
2592       800751.59800000
2593       801916.43700000
2594       803082.58000000
2595       804250.02800000
2596       805418.78200000
2597       806588.84200000
2598       807760.20900000
2599       808932.88600000
2600       810106.87100000
2601       811282.16700000
2602       812458.77400000
2603       813636.69200000
2604       814815.92400000
2605       815996.47000000
2606       817178.33000000
2607       818361.50600000
2608       819545.99800000
2609       820731.80700000
2610       821918.93500000
2611       823107.38200000
2612       824297.14900000
2613       825488.23700000
2614       826680.64700000
2615       827874.38000000
2616       829069.43600000
2617       830265.81700000
2618       831463.52300000
2619       832662.55500000
2620       833862.91500000
2621       835064.60300000
2622       836267.61900000
2623       837471.96600000
2624       838677.64300000
2625       839884.65300000
2626       841092.99400000
2627       842302.66900000
2628       843513.67900000
2629       844726.02300000
2630       845939.70400000
2631       847154.72200000
2632       848371.07700000
2633       849588.77200000
2634       850807.80600000
2635       852028.18100000
2636       853249.89700000
2637       854472.95500000
2638       855697.35700000
2639       856923.10300000
2640       858150.19400000
2641       859378.63100000
2642       860608.41500000
2643       861839.54600000
2644       863072.02600000
2645       864305.85600000
2646       865541.03600000
2647       866777.56700000
2648       868015.45000000
2649       869254.68600000
2650       870495.27600000
2651       871737.22100000
2652       872980.52200000
2653       874225.17900000
2654       875471.19400000
2655       876718.56700000
2656       877967.30000000
2657       879217.39200000
2658       880468.84600000
2659       881721.66100000
2660       882975.84000000
2661       884231.38200000
2662       885488.28800000
2663       886746.56000000
2664       888006.19900000
2665       889267.20400000
2666       890529.57800000
2667       891793.32100000
2668       893058.43300000
2669       894324.91700000
2670       895592.77200000
2671       896861.99900000
2672       898132.60000000
2673       899404.57600000
2674       900677.92600000
2675       901952.65300000
2676       903228.75600000
2677       904506.23800000
2678       905785.09800000
2679       907065.33800000
2680       908346.95800000
2681       909629.96000000
2682       910914.34400000
2683       912200.11100000
2684       913487.26200000
2685       914775.79800000
2686       916065.72000000
2687       917357.02800000
2688       918649.72400000
2689       919943.80900000
2690       921239.28300000
2691       922536.14700000
2692       923834.40200000
2693       925134.04900000
2694       926435.08900000
2695       927737.52300000
2696       929041.35100000
2697       930346.57500000
2698       931653.19500000
2699       932961.21200000
2700       934270.62800000
2701       935581.44300000
2702       936893.65700000
2703       938207.27200000
2704       939522.28900000
2705       940838.70900000
2706       942156.53100000
2707       943475.75800000
2708       944796.39100000
2709       946118.42900000
2710       947441.87400000
2711       948766.72700000
2712       950092.98900000
2713       951420.66000000
2714       952749.74200000
2715       954080.23400000
2716       955412.14000000
2717       956745.45800000
2718       958080.19000000
2719       959416.33700000
2720       960753.89900000
2721       962092.87800000
2722       963433.27500000
2723       964775.08900000
2724       966118.32300000
2725       967462.97700000
2726       968809.05200000
2727       970156.54900000
2728       971505.46900000
2729       972855.81200000
2730       974207.57900000
2731       975560.77200000
2732       976915.39000000
2733       978271.43600000
2734       979628.91000000
2735       980987.81300000
2736       982348.14500000
2737       983709.90700000
2738       985073.10100000
2739       986437.72800000
2740       987803.78700000
2741       989171.28100000
2742       990540.20900000
2743       991910.57300000
2744       993282.37400000
2745       994655.61200000
2746       996030.28900000
2747       997406.40500000
2748       998783.96000000
2749      1000162.96000000
2750      1001543.40000000
2751      1002925.28000000
2752      1004308.60000000
2753      1005693.37000000
2754      1007079.59000000
2755      1008467.25000000
2756      1009856.35000000
2757      1011246.91000000
2758      1012638.92000000
2759      1014032.37000000
2760      1015427.27000000
2761      1016823.63000000
2762      1018221.44000000
2763      1019620.70000000
2764      1021021.41000000
2765      1022423.58000000
2766      1023827.21000000
2767      1025232.29000000
2768      1026638.83000000
2769      1028046.83000000
2770      1029456.29000000
2771      1030867.20000000
2772      1032279.58000000
2773      1033693.42000000
2774      1035108.72000000
2775      1036525.49000000
2776      1037943.72000000
2777      1039363.42000000
2778      1040784.58000000
2779      1042207.21000000
2780      1043631.30000000
2781      1045056.87000000
2782      1046483.90000000
2783      1047912.40000000
2784      1049342.38000000
2785      1050773.83000000
2786      1052206.75000000
2787      1053641.14000000
2788      1055077.01000000
2789      1056514.36000000
2790      1057953.18000000
2791      1059393.47000000
2792      1060835.25000000
2793      1062278.51000000
2794      1063723.24000000
2795      1065169.46000000
2796      1066617.15000000
2797      1068066.33000000
2798      1069516.99000000
2799      1070969.14000000
2800      1072422.77000000
2801      1073877.89000000
2802      1075334.49000000
2803      1076792.58000000
2804      1078252.16000000
2805      1079713.23000000
2806      1081175.79000000
2807      1082639.84000000
2808      1084105.38000000
2809      1085572.42000000
2810      1087040.94000000
2811      1088510.97000000
2812      1089982.48000000
2813      1091455.49000000
2814      1092930.00000000
2815      1094406.01000000
2816      1095883.52000000
2817      1097362.52000000
2818      1098843.03000000
2819      1100325.04000000
2820      1101808.54000000
2821      1103293.56000000
2822      1104780.07000000
2823      1106268.09000000
2824      1107757.62000000
2825      1109248.65000000
2826      1110741.18000000
2827      1112235.23000000
2828      1113730.79000000
2829      1115227.85000000
2830      1116726.42000000
2831      1118226.51000000
2832      1119728.11000000
2833      1121231.22000000
2834      1122735.85000000
2835      1124241.98000000
2836      1125749.64000000
2837      1127258.81000000
2838      1128769.50000000
2839      1130281.71000000
2840      1131795.43000000
2841      1133310.68000000
2842      1134827.44000000
2843      1136345.73000000
2844      1137865.54000000
2845      1139386.87000000
2846      1140909.73000000
2847      1142434.11000000
2848      1143960.02000000
2849      1145487.45000000
2850      1147016.41000000
2851      1148546.90000000
2852      1150078.92000000
2853      1151612.46000000
2854      1153147.54000000
2855      1154684.15000000
2856      1156222.29000000
2857      1157761.97000000
2858      1159303.18000000
2859      1160845.92000000
2860      1162390.20000000
2861      1163936.02000000
2862      1165483.37000000
2863      1167032.26000000
2864      1168582.69000000
2865      1170134.66000000
2866      1171688.17000000
2867      1173243.22000000
2868      1174799.82000000
2869      1176357.96000000
2870      1177917.64000000
2871      1179478.87000000
2872      1181041.64000000
2873      1182605.96000000
2874      1184171.82000000
2875      1185739.24000000
2876      1187308.20000000
2877      1188878.71000000
2878      1190450.78000000
2879      1192024.39000000
2880      1193599.56000000
2881      1195176.28000000
2882      1196754.56000000
2883      1198334.39000000
2884      1199915.77000000
2885      1201498.71000000
2886      1203083.21000000
2887      1204669.27000000
2888      1206256.89000000
2889      1207846.06000000
2890      1209436.80000000
2891      1211029.10000000
2892      1212622.96000000
2893      1214218.38000000
2894      1215815.37000000
2895      1217413.92000000
2896      1219014.04000000
2897      1220615.72000000
2898      1222218.97000000
2899      1223823.79000000
2900      1225430.18000000
2901      1227038.14000000
2902      1228647.66000000
2903      1230258.76000000
2904      1231871.43000000
2905      1233485.68000000
2906      1235101.50000000
2907      1236718.89000000
2908      1238337.86000000
2909      1239958.40000000
2910      1241580.52000000
2911      1243204.22000000
2912      1244829.50000000
2913      1246456.36000000
2914      1248084.80000000
2915      1249714.82000000
2916      1251346.42000000
2917      1252979.60000000
2918      1254614.37000000
2919      1256250.72000000
2920      1257888.66000000
2921      1259528.18000000
2922      1261169.29000000
2923      1262811.99000000
2924      1264456.27000000
2925      1266102.15000000
2926      1267749.61000000
2927      1269398.67000000
2928      1271049.32000000
2929      1272701.56000000
2930      1274355.39000000
2931      1276010.82000000
2932      1277667.84000000
2933      1279326.46000000
2934      1280986.68000000
2935      1282648.49000000
2936      1284311.90000000
2937      1285976.91000000
2938      1287643.52000000
2939      1289311.73000000
2940      1290981.54000000
2941      1292652.96000000
2942      1294325.98000000
2943      1296000.60000000
2944      1297676.82000000
2945      1299354.65000000
2946      1301034.09000000
2947      1302715.14000000
2948      1304397.79000000
2949      1306082.05000000
2950      1307767.92000000
2951      1309455.40000000
2952      1311144.49000000
2953      1312835.20000000
2954      1314527.52000000
2955      1316221.45000000
2956      1317916.99000000
2957      1319614.15000000
2958      1321312.93000000
2959      1323013.32000000
2960      1324715.33000000
2961      1326418.96000000
2962      1328124.20000000
2963      1329831.07000000
2964      1331539.56000000
2965      1333249.67000000
2966      1334961.40000000
2967      1336674.76000000
2968      1338389.74000000
2969      1340106.34000000
2970      1341824.57000000
2971      1343544.42000000
2972      1345265.91000000
2973      1346989.02000000
2974      1348713.76000000
2975      1350440.13000000
2976      1352168.12000000
2977      1353897.75000000
2978      1355629.02000000
2979      1357361.91000000
2980      1359096.44000000
2981      1360832.60000000
2982      1362570.40000000
2983      1364309.83000000
2984      1366050.90000000
2985      1367793.61000000
2986      1369537.95000000
2987      1371283.94000000
2988      1373031.56000000
2989      1374780.82000000
2990      1376531.73000000
2991      1378284.28000000
2992      1380038.47000000
2993      1381794.30000000
2994      1383551.78000000
2995      1385310.91000000
2996      1387071.68000000
2997      1388834.09000000
2998      1390598.16000000
2999      1392363.87000000
3000      1394131.23000000
3001      1395900.25000000
3002      1397670.91000000
3003      1399443.22000000
3004      1401217.19000000
3005      1402992.81000000
3006      1404770.08000000
3007      1406549.01000000
3008      1408329.60000000
3009      1410111.84000000
3010      1411895.73000000
3011      1413681.29000000
3012      1415468.50000000
3013      1417257.38000000
3014      1419047.91000000
3015      1420840.10000000
3016      1422633.96000000
3017      1424429.48000000
3018      1426226.66000000
3019      1428025.50000000
3020      1429826.01000000
3021      1431628.19000000
3022      1433432.03000000
3023      1435237.54000000
3024      1437044.72000000
3025      1438853.56000000
3026      1440664.08000000
3027      1442476.26000000
3028      1444290.12000000
3029      1446105.64000000
3030      1447922.84000000
3031      1449741.72000000
3032      1451562.27000000
3033      1453384.49000000
3034      1455208.39000000
3035      1457033.96000000
3036      1458861.21000000
3037      1460690.14000000
3038      1462520.75000000
3039      1464353.03000000
3040      1466187.00000000
3041      1468022.65000000
3042      1469859.98000000
3043      1471698.99000000
3044      1473539.69000000
3045      1475382.07000000
3046      1477226.13000000
3047      1479071.88000000
3048      1480919.32000000
3049      1482768.44000000
3050      1484619.25000000
3051      1486471.75000000
3052      1488325.94000000
3053      1490181.82000000
3054      1492039.39000000
3055      1493898.65000000
3056      1495759.61000000
3057      1497622.25000000
3058      1499486.59000000
3059      1501352.63000000
3060      1503220.36000000
3061      1505089.79000000
3062      1506960.91000000
3063      1508833.73000000
3064      1510708.25000000
3065      1512584.47000000
3066      1514462.39000000
3067      1516342.01000000
3068      1518223.33000000
3069      1520106.36000000
3070      1521991.08000000
3071      1523877.51000000
3072      1525765.65000000
3073      1527655.49000000
3074      1529547.03000000
3075      1531440.29000000
3076      1533335.25000000
3077      1535231.91000000
3078      1537130.29000000
3079      1539030.38000000
3080      1540932.17000000
3081      1542835.68000000
3082      1544740.90000000
3083      1546647.84000000
3084      1548556.48000000
3085      1550466.84000000
3086      1552378.92000000
3087      1554292.71000000
3088      1556208.22000000
3089      1558125.44000000
3090      1560044.38000000
3091      1561965.04000000
3092      1563887.43000000
3093      1565811.53000000
3094      1567737.35000000
3095      1569664.89000000
3096      1571594.16000000
3097      1573525.14000000
3098      1575457.86000000
3099      1577392.29000000
3100      1579328.46000000
3101      1581266.34000000
3102      1583205.96000000
3103      1585147.30000000
3104      1587090.37000000
3105      1589035.17000000
3106      1590981.70000000
3107      1592929.96000000
3108      1594879.95000000
3109      1596831.67000000
3110      1598785.13000000
3111      1600740.32000000
3112      1602697.24000000
3113      1604655.90000000
3114      1606616.29000000
3115      1608578.42000000
3116      1610542.29000000
3117      1612507.89000000
3118      1614475.24000000
3119      1616444.32000000
3120      1618415.14000000
3121      1620387.70000000
3122      1622362.01000000
3123      1624338.06000000
3124      1626315.84000000
3125      1628295.38000000
3126      1630276.65000000
3127      1632259.68000000
3128      1634244.44000000
3129      1636230.96000000
3130      1638219.22000000
3131      1640209.23000000
3132      1642200.99000000
3133      1644194.50000000
3134      1646189.75000000
3135      1648186.76000000
3136      1650185.52000000
3137      1652186.03000000
3138      1654188.30000000
3139      1656192.32000000
3140      1658198.09000000
3141      1660205.62000000
3142      1662214.91000000
3143      1664225.95000000
3144      1666238.74000000
3145      1668253.30000000
3146      1670269.62000000
3147      1672287.69000000
3148      1674307.53000000
3149      1676329.12000000
3150      1678352.48000000
3151      1680377.60000000
3152      1682404.48000000
3153      1684433.12000000
3154      1686463.54000000
3155      1688495.71000000
3156      1690529.65000000
3157      1692565.36000000
3158      1694602.84000000
3159      1696642.08000000
3160      1698683.09000000
3161      1700725.87000000
3162      1702770.42000000
3163      1704816.74000000
3164      1706864.84000000
3165      1708914.70000000
3166      1710966.34000000
3167      1713019.76000000
3168      1715074.94000000
3169      1717131.90000000
3170      1719190.64000000
3171      1721251.15000000
3172      1723313.45000000
3173      1725377.51000000
3174      1727443.36000000
3175      1729510.99000000
3176      1731580.40000000
3177      1733651.58000000
3178      1735724.55000000
3179      1737799.30000000
3180      1739875.83000000
3181      1741954.15000000
3182      1744034.25000000
3183      1746116.14000000
3184      1748199.81000000
3185      1750285.27000000
3186      1752372.51000000
3187      1754461.54000000
3188      1756552.36000000
3189      1758644.97000000
3190      1760739.37000000
3191      1762835.56000000
3192      1764933.54000000
3193      1767033.31000000
3194      1769134.88000000
3195      1771238.24000000
3196      1773343.39000000
3197      1775450.33000000
3198      1777559.08000000
3199      1779669.61000000
3200      1781781.95000000
3201      1783896.08000000
3202      1786012.01000000
3203      1788129.73000000
3204      1790249.26000000
3205      1792370.59000000
3206      1794493.72000000
3207      1796618.65000000
3208      1798745.38000000
3209      1800873.91000000
3210      1803004.25000000
3211      1805136.39000000
3212      1807270.34000000
3213      1809406.09000000
3214      1811543.65000000
3215      1813683.01000000
3216      1815824.18000000
3217      1817967.16000000
3218      1820111.95000000
3219      1822258.55000000
3220      1824406.96000000
3221      1826557.18000000
3222      1828709.21000000
3223      1830863.06000000
3224      1833018.71000000
3225      1835176.18000000
3226      1837335.47000000
3227      1839496.57000000
3228      1841659.48000000
3229      1843824.22000000
3230      1845990.76000000
3231      1848159.13000000
3232      1850329.31000000
3233      1852501.32000000
3234      1854675.14000000
3235      1856850.78000000
3236      1859028.25000000
3237      1861207.54000000
3238      1863388.64000000
3239      1865571.57000000
3240      1867756.33000000
3241      1869942.91000000
3242      1872131.31000000
3243      1874321.54000000
3244      1876513.60000000
3245      1878707.48000000
3246      1880903.19000000
3247      1883100.73000000
3248      1885300.10000000
3249      1887501.30000000
3250      1889704.33000000
3251      1891909.19000000
3252      1894115.88000000
3253      1896324.40000000
3254      1898534.76000000
3255      1900746.95000000
3256      1902960.97000000
3257      1905176.83000000
3258      1907394.52000000
3259      1909614.05000000
3260      1911835.42000000
3261      1914058.62000000
3262      1916283.67000000
3263      1918510.55000000
3264      1920739.27000000
3265      1922969.83000000
3266      1925202.23000000
3267      1927436.48000000
3268      1929672.56000000
3269      1931910.49000000
3270      1934150.26000000
3271      1936391.88000000
3272      1938635.34000000
3273      1940880.64000000
3274      1943127.80000000
3275      1945376.79000000
3276      1947627.64000000
3277      1949880.33000000
3278      1952134.88000000
3279      1954391.27000000
3280      1956649.51000000
3281      1958909.60000000
3282      1961171.54000000
3283      1963435.34000000
3284      1965700.98000000
3285      1967968.48000000
3286      1970237.84000000
3287      1972509.05000000
3288      1974782.11000000
3289      1977057.03000000
3290      1979333.80000000
3291      1981612.43000000
3292      1983892.92000000
3293      1986175.27000000
3294      1988459.48000000
3295      1990745.54000000
3296      1993033.47000000
3297      1995323.26000000
3298      1997614.90000000
3299      1999908.41000000
3300      2002203.79000000
3301      2004501.02000000
3302      2006800.12000000
3303      2009101.09000000
3304      2011403.91000000
3305      2013708.61000000
3306      2016015.17000000
3307      2018323.60000000
3308      2020633.90000000
3309      2022946.06000000
3310      2025260.09000000
3311      2027576.00000000
3312      2029893.77000000
3313      2032213.41000000
3314      2034534.93000000
3315      2036858.32000000
3316      2039183.58000000
3317      2041510.71000000
3318      2043839.72000000
3319      2046170.60000000
3320      2048503.35000000
3321      2050837.99000000
3322      2053174.50000000
3323      2055512.88000000
3324      2057853.15000000
3325      2060195.29000000
3326      2062539.31000000
3327      2064885.21000000
3328      2067232.99000000
3329      2069582.65000000
3330      2071934.19000000
3331      2074287.62000000
3332      2076642.92000000
3333      2079000.11000000
3334      2081359.19000000
3335      2083720.15000000
3336      2086082.99000000
3337      2088447.72000000
3338      2090814.33000000
3339      2093182.84000000
3340      2095553.23000000
3341      2097925.50000000
3342      2100299.67000000
3343      2102675.72000000
3344      2105053.67000000
3345      2107433.51000000
3346      2109815.23000000
3347      2112198.85000000
3348      2114584.36000000
3349      2116971.77000000
3350      2119361.06000000
3351      2121752.26000000
3352      2124145.34000000
3353      2126540.32000000
3354      2128937.20000000
3355      2131335.98000000
3356      2133736.65000000
3357      2136139.22000000
3358      2138543.68000000
3359      2140950.05000000
3360      2143358.32000000
3361      2145768.48000000
3362      2148180.55000000
3363      2150594.52000000
3364      2153010.39000000
3365      2155428.16000000
3366      2157847.84000000
3367      2160269.41000000
3368      2162692.90000000
3369      2165118.29000000
3370      2167545.58000000
3371      2169974.78000000
3372      2172405.89000000
3373      2174838.90000000
3374      2177273.82000000
3375      2179710.65000000
3376      2182149.39000000
3377      2184590.04000000
3378      2187032.60000000
3379      2189477.07000000
3380      2191923.45000000
3381      2194371.75000000
3382      2196821.95000000
3383      2199274.07000000
3384      2201728.11000000
3385      2204184.05000000
3386      2206641.92000000
3387      2209101.69000000
3388      2211563.39000000
3389      2214027.00000000
3390      2216492.52000000
3391      2218959.97000000
3392      2221429.33000000
3393      2223900.62000000
3394      2226373.82000000
3395      2228848.94000000
3396      2231325.98000000
3397      2233804.95000000
3398      2236285.83000000
3399      2238768.64000000
3400      2241253.37000000
3401      2243740.03000000
3402      2246228.61000000
3403      2248719.11000000
3404      2251211.54000000
3405      2253705.90000000
3406      2256202.18000000
3407      2258700.39000000
3408      2261200.52000000
3409      2263702.59000000
3410      2266206.58000000
3411      2268712.50000000
3412      2271220.35000000
3413      2273730.14000000
3414      2276241.85000000
3415      2278755.50000000
3416      2281271.07000000
3417      2283788.58000000
3418      2286308.03000000
3419      2288829.40000000
3420      2291352.71000000
3421      2293877.96000000
3422      2296405.14000000
3423      2298934.26000000
3424      2301465.31000000
3425      2303998.31000000
3426      2306533.23000000
3427      2309070.10000000
3428      2311608.91000000
3429      2314149.65000000
3430      2316692.34000000
3431      2319236.97000000
3432      2321783.53000000
3433      2324332.04000000
3434      2326882.49000000
3435      2329434.89000000
3436      2331989.23000000
3437      2334545.51000000
3438      2337103.73000000
3439      2339663.90000000
3440      2342226.02000000
3441      2344790.08000000
3442      2347356.09000000
3443      2349924.05000000
3444      2352493.95000000
3445      2355065.80000000
3446      2357639.60000000
3447      2360215.35000000
3448      2362793.05000000
3449      2365372.70000000
3450      2367954.30000000
3451      2370537.86000000
3452      2373123.36000000
3453      2375710.82000000
3454      2378300.23000000
3455      2380891.59000000
3456      2383484.91000000
3457      2386080.19000000
3458      2388677.41000000
3459      2391276.60000000
3460      2393877.74000000
3461      2396480.84000000
3462      2399085.89000000
3463      2401692.91000000
3464      2404301.88000000
3465      2406912.81000000
3466      2409525.70000000
3467      2412140.55000000
3468      2414757.36000000
3469      2417376.13000000
3470      2419996.87000000
3471      2422619.57000000
3472      2425244.23000000
3473      2427870.85000000
3474      2430499.44000000
3475      2433129.99000000
3476      2435762.50000000
3477      2438396.98000000
3478      2441033.43000000
3479      2443671.85000000
3480      2446312.23000000
3481      2448954.58000000
3482      2451598.89000000
3483      2454245.18000000
3484      2456893.43000000
3485      2459543.66000000
3486      2462195.85000000
3487      2464850.02000000
3488      2467506.15000000
3489      2470164.26000000
3490      2472824.34000000
3491      2475486.40000000
3492      2478150.42000000
3493      2480816.42000000
3494      2483484.40000000
3495      2486154.35000000
3496      2488826.27000000
3497      2491500.18000000
3498      2494176.05000000
3499      2496853.91000000
3500      2499533.74000000
