   1            4.52108000
   2            8.25480000
   3           12.01741000
   4           15.78663000
   5           19.55841000
   6           23.33145000
   7           27.10522000
   8           30.87943000
   9           34.65395000
  10           38.42867000
  11           42.20356000
  12           45.97856000
  13           49.75366000
  14           53.52883000
  15           57.30406000
  16           61.07935000
  17           64.85468000
  18           68.63005000
  19           72.40546000
  20           76.18089000
  21           79.95635000
  22           83.73184000
  23           87.50735000
  24           91.28288000
  25           95.05843000
  26           98.83400000
  27          102.60958000
  28          106.38518000
  29          110.16080000
  30          113.93644000
  31          117.71208000
  32          121.48774000
  33          125.26342000
  34          129.03911000
  35          132.81481000
  36          136.59052000
  37          140.36625000
  38          144.14199000
  39          147.91774000
  40          151.69350000
  41          155.46928000
  42          159.24506000
  43          163.02086000
  44          166.79666000
  45          170.57248000
  46          174.34831000
  47          178.12415000
  48          181.90000000
  49          185.67586000
  50          189.45174000
  51          193.22762000
  52          197.00351000
  53          200.77942000
  54          204.55534000
  55          208.33126000
  56          212.10720000
  57          215.88316000
  58          219.65912000
  59          223.43510000
  60          227.21110000
  61          230.98711000
  62          234.76313000
  63          238.53918000
  64          242.31525000
  65          246.09134000
  66          249.86745000
  67          253.64359000
  68          257.41977000
  69          261.19598000
  70          264.97222000
  71          268.74851000
  72          272.52485000
  73          276.30125000
  74          280.07770000
  75          283.85423000
  76          287.63083000
  77          291.40751000
  78          295.18429000
  79          298.96118000
  80          302.73818000
  81          306.51530000
  82          310.29257000
  83          314.07000000
  84          317.84760000
  85          321.62538000
  86          325.40337000
  87          329.18158000
  88          332.96004000
  89          336.73876000
  90          340.51776000
  91          344.29708000
  92          348.07674000
  93          351.85675000
  94          355.63716000
  95          359.41799000
  96          363.19927000
  97          366.98103000
  98          370.76330000
  99          374.54613000
 100          378.32954000
 101          382.11358000
 102          385.89828000
 103          389.68369000
 104          393.46984000
 105          397.25679000
 106          401.04457000
 107          404.83323000
 108          408.62282000
 109          412.41340000
 110          416.20500000
 111          419.99769000
 112          423.79152000
 113          427.58654000
 114          431.38280000
 115          435.18038000
 116          438.97931000
 117          442.77968000
 118          446.58153000
 119          450.38494000
 120          454.18996000
 121          457.99666000
 122          461.80511000
 123          465.61537000
 124          469.42752000
 125          473.24162000
 126          477.05775000
 127          480.87598000
 128          484.69637000
 129          488.51902000
 130          492.34398000
 131          496.17134000
 132          500.00117000
 133          503.83356000
 134          507.66857000
 135          511.50630000
 136          515.34681000
 137          519.19020000
 138          523.03653000
 139          526.88591000
 140          530.73840000
 141          534.59410000
 142          538.45308000
 143          542.31543000
 144          546.18124000
 145          550.05059000
 146          553.92358000
 147          557.80027000
 148          561.68078000
 149          565.56517000
 150          569.45354000
 151          573.34599000
 152          577.24258000
 153          581.14343000
 154          585.04861000
 155          588.95821000
 156          592.87234000
 157          596.79106000
 158          600.71448000
 159          604.64269000
 160          608.57577000
 161          612.51382000
 162          616.45693000
 163          620.40519000
 164          624.35868000
 165          628.31751000
 166          632.28176000
 167          636.25152000
 168          640.22689000
 169          644.20795000
 170          648.19480000
 171          652.18752000
 172          656.18621000
 173          660.19096000
 174          664.20186000
 175          668.21900000
 176          672.24247000
 177          676.27236000
 178          680.30876000
 179          684.35177000
 180          688.40146000
 181          692.45793000
 182          696.52128000
 183          700.59158000
 184          704.66893000
 185          708.75342000
 186          712.84514000
 187          716.94417000
 188          721.05060000
 189          725.16452000
 190          729.28603000
 191          733.41520000
 192          737.55212000
 193          741.69688000
 194          745.84957000
 195          750.01027000
 196          754.17908000
 197          758.35607000
 198          762.54133000
 199          766.73494000
 200          770.93700000
 201          775.14759000
 202          779.36679000
 203          783.59468000
 204          787.83135000
 205          792.07688000
 206          796.33136000
 207          800.59486000
 208          804.86748000
 209          809.14929000
 210          813.44038000
 211          817.74083000
 212          822.05071000
 213          826.37011000
 214          830.69912000
 215          835.03780000
 216          839.38625000
 217          843.74453000
 218          848.11274000
 219          852.49094000
 220          856.87923000
 221          861.27767000
 222          865.68635000
 223          870.10534000
 224          874.53472000
 225          878.97457000
 226          883.42496000
 227          887.88598000
 228          892.35770000
 229          896.84019000
 230          901.33353000
 231          905.83780000
 232          910.35307000
 233          914.87941000
 234          919.41691000
 235          923.96563000
 236          928.52566000
 237          933.09705000
 238          937.67990000
 239          942.27426000
 240          946.88022000
 241          951.49785000
 242          956.12721000
 243          960.76839000
 244          965.42145000
 245          970.08646000
 246          974.76350000
 247          979.45264000
 248          984.15394000
 249          988.86749000
 250          993.59334000
 251          998.33158000
 252         1003.08226000
 253         1007.84547000
 254         1012.62126000
 255         1017.40971000
 256         1022.21089000
 257         1027.02487000
 258         1031.85171000
 259         1036.69148000
 260         1041.54426000
 261         1046.41010000
 262         1051.28908000
 263         1056.18127000
 264         1061.08673000
 265         1066.00552000
 266         1070.93773000
 267         1075.88340000
 268         1080.84261000
 269         1085.81543000
 270         1090.80192000
 271         1095.80215000
 272         1100.81618000
 273         1105.84408000
 274         1110.88592000
 275         1115.94175000
 276         1121.01165000
 277         1126.09567000
 278         1131.19389000
 279         1136.30637000
 280         1141.43317000
 281         1146.57436000
 282         1151.73000000
 283         1156.90016000
 284         1162.08489000
 285         1167.28427000
 286         1172.49835000
 287         1177.72721000
 288         1182.97089000
 289         1188.22947000
 290         1193.50301000
 291         1198.79157000
 292         1204.09521000
 293         1209.41400000
 294         1214.74800000
 295         1220.09727000
 296         1225.46188000
 297         1230.84188000
 298         1236.23733000
 299         1241.64831000
 300         1247.07487000
 301         1252.51707000
 302         1257.97497000
 303         1263.44864000
 304         1268.93813000
 305         1274.44352000
 306         1279.96485000
 307         1285.50219000
 308         1291.05560000
 309         1296.62515000
 310         1302.21088000
 311         1307.81287000
 312         1313.43118000
 313         1319.06586000
 314         1324.71697000
 315         1330.38458000
 316         1336.06874000
 317         1341.76952000
 318         1347.48697000
 319         1353.22116000
 320         1358.97214000
 321         1364.73998000
 322         1370.52474000
 323         1376.32647000
 324         1382.14523000
 325         1387.98109000
 326         1393.83411000
 327         1399.70433000
 328         1405.59184000
 329         1411.49667000
 330         1417.41889000
 331         1423.35857000
 332         1429.31576000
 333         1435.29051000
 334         1441.28290000
 335         1447.29298000
 336         1453.32080000
 337         1459.36643000
 338         1465.42992000
 339         1471.51134000
 340         1477.61075000
 341         1483.72819000
 342         1489.86374000
 343         1496.01745000
 344         1502.18938000
 345         1508.37959000
 346         1514.58814000
 347         1520.81508000
 348         1527.06048000
 349         1533.32439000
 350         1539.60687000
 351         1545.90799000
 352         1552.22779000
 353         1558.56635000
 354         1564.92371000
 355         1571.29994000
 356         1577.69509000
 357         1584.10923000
 358         1590.54242000
 359         1596.99470000
 360         1603.46614000
 361         1609.95680000
 362         1616.46674000
 363         1622.99602000
 364         1629.54469000
 365         1636.11282000
 366         1642.70045000
 367         1649.30766000
 368         1655.93450000
 369         1662.58103000
 370         1669.24730000
 371         1675.93339000
 372         1682.63933000
 373         1689.36520000
 374         1696.11105000
 375         1702.87695000
 376         1709.66294000
 377         1716.46909000
 378         1723.29546000
 379         1730.14211000
 380         1737.00909000
 381         1743.89647000
 382         1750.80430000
 383         1757.73265000
 384         1764.68156000
 385         1771.65111000
 386         1778.64134000
 387         1785.65233000
 388         1792.68412000
 389         1799.73678000
 390         1806.81036000
 391         1813.90493000
 392         1821.02055000
 393         1828.15726000
 394         1835.31514000
 395         1842.49425000
 396         1849.69463000
 397         1856.91636000
 398         1864.15948000
 399         1871.42407000
 400         1878.71018000
 401         1886.01786000
 402         1893.34718000
 403         1900.69821000
 404         1908.07099000
 405         1915.46558000
 406         1922.88206000
 407         1930.32047000
 408         1937.78088000
 409         1945.26334000
 410         1952.76792000
 411         1960.29468000
 412         1967.84368000
 413         1975.41497000
 414         1983.00862000
 415         1990.62468000
 416         1998.26323000
 417         2005.92431000
 418         2013.60799000
 419         2021.31433000
 420         2029.04338000
 421         2036.79522000
 422         2044.56990000
 423         2052.36747000
 424         2060.18801000
 425         2068.03157000
 426         2075.89821000
 427         2083.78799000
 428         2091.70098000
 429         2099.63724000
 430         2107.59682000
 431         2115.57979000
 432         2123.58620000
 433         2131.61613000
 434         2139.66963000
 435         2147.74675000
 436         2155.84758000
 437         2163.97215000
 438         2172.12055000
 439         2180.29282000
 440         2188.48903000
 441         2196.70924000
 442         2204.95352000
 443         2213.22192000
 444         2221.51451000
 445         2229.83134000
 446         2238.17249000
 447         2246.53801000
 448         2254.92797000
 449         2263.34242000
 450         2271.78143000
 451         2280.24506000
 452         2288.73338000
 453         2297.24645000
 454         2305.78432000
 455         2314.34707000
 456         2322.93475000
 457         2331.54743000
 458         2340.18517000
 459         2348.84804000
 460         2357.53609000
 461         2366.24939000
 462         2374.98800000
 463         2383.75199000
 464         2392.54142000
 465         2401.35635000
 466         2410.19685000
 467         2419.06298000
 468         2427.95480000
 469         2436.87238000
 470         2445.81578000
 471         2454.78507000
 472         2463.78031000
 473         2472.80156000
 474         2481.84888000
 475         2490.92235000
 476         2500.02202000
 477         2509.14797000
 478         2518.30025000
 479         2527.47892000
 480         2536.68406000
 481         2545.91573000
 482         2555.17400000
 483         2564.45892000
 484         2573.77056000
 485         2583.10900000
 486         2592.47428000
 487         2601.86649000
 488         2611.28567000
 489         2620.73191000
 490         2630.20526000
 491         2639.70580000
 492         2649.23358000
 493         2658.78866000
 494         2668.37113000
 495         2677.98104000
 496         2687.61846000
 497         2697.28346000
 498         2706.97610000
 499         2716.69644000
 500         2726.44456000
 501         2736.22052000
 502         2746.02439000
 503         2755.85623000
 504         2765.71611000
 505         2775.60410000
 506         2785.52026000
 507         2795.46466000
 508         2805.43738000
 509         2815.43846000
 510         2825.46799000
 511         2835.52604000
 512         2845.61265000
 513         2855.72792000
 514         2865.87189000
 515         2876.04465000
 516         2886.24625000
 517         2896.47678000
 518         2906.73628000
 519         2917.02484000
 520         2927.34252000
 521         2937.68938000
 522         2948.06551000
 523         2958.47096000
 524         2968.90580000
 525         2979.37011000
 526         2989.86395000
 527         3000.38739000
 528         3010.94050000
 529         3021.52335000
 530         3032.13600000
 531         3042.77854000
 532         3053.45102000
 533         3064.15351000
 534         3074.88609000
 535         3085.64883000
 536         3096.44179000
 537         3107.26505000
 538         3118.11867000
 539         3129.00273000
 540         3139.91729000
 541         3150.86242000
 542         3161.83821000
 543         3172.84471000
 544         3183.88199000
 545         3194.95013000
 546         3206.04920000
 547         3217.17927000
 548         3228.34041000
 549         3239.53269000
 550         3250.75619000
 551         3262.01096000
 552         3273.29709000
 553         3284.61465000
 554         3295.96371000
 555         3307.34433000
 556         3318.75660000
 557         3330.20058000
 558         3341.67635000
 559         3353.18397000
 560         3364.72352000
 561         3376.29508000
 562         3387.89870000
 563         3399.53448000
 564         3411.20248000
 565         3422.90276000
 566         3434.63541000
 567         3446.40051000
 568         3458.19811000
 569         3470.02829000
 570         3481.89114000
 571         3493.78671000
 572         3505.71509000
 573         3517.67634000
 574         3529.67055000
 575         3541.69779000
 576         3553.75812000
 577         3565.85162000
 578         3577.97838000
 579         3590.13845000
 580         3602.33192000
 581         3614.55886000
 582         3626.81935000
 583         3639.11345000
 584         3651.44125000
 585         3663.80282000
 586         3676.19824000
 587         3688.62757000
 588         3701.09090000
 589         3713.58829000
 590         3726.11984000
 591         3738.68560000
 592         3751.28566000
 593         3763.92009000
 594         3776.58897000
 595         3789.29237000
 596         3802.03037000
 597         3814.80305000
 598         3827.61049000
 599         3840.45275000
 600         3853.32991000
 601         3866.24206000
 602         3879.18927000
 603         3892.17161000
 604         3905.18917000
 605         3918.24201000
 606         3931.33022000
 607         3944.45388000
 608         3957.61306000
 609         3970.80784000
 610         3984.03829000
 611         3997.30450000
 612         4010.60654000
 613         4023.94449000
 614         4037.31843000
 615         4050.72844000
 616         4064.17459000
 617         4077.65696000
 618         4091.17564000
 619         4104.73070000
 620         4118.32221000
 621         4131.95027000
 622         4145.61494000
 623         4159.31631000
 624         4173.05446000
 625         4186.82946000
 626         4200.64139000
 627         4214.49034000
 628         4228.37638000
 629         4242.29960000
 630         4256.26007000
 631         4270.25787000
 632         4284.29309000
 633         4298.36580000
 634         4312.47608000
 635         4326.62402000
 636         4340.80970000
 637         4355.03319000
 638         4369.29457000
 639         4383.59394000
 640         4397.93137000
 641         4412.30693000
 642         4426.72072000
 643         4441.17281000
 644         4455.66329000
 645         4470.19223000
 646         4484.75972000
 647         4499.36584000
 648         4514.01067000
 649         4528.69429000
 650         4543.41680000
 651         4558.17826000
 652         4572.97876000
 653         4587.81838000
 654         4602.69722000
 655         4617.61534000
 656         4632.57284000
 657         4647.56979000
 658         4662.60627000
 659         4677.68239000
 660         4692.79820000
 661         4707.95381000
 662         4723.14929000
 663         4738.38472000
 664         4753.66020000
 665         4768.97580000
 666         4784.33161000
 667         4799.72771000
 668         4815.16419000
 669         4830.64113000
 670         4846.15862000
 671         4861.71674000
 672         4877.31558000
 673         4892.95522000
 674         4908.63574000
 675         4924.35724000
 676         4940.11979000
 677         4955.92348000
 678         4971.76841000
 679         4987.65465000
 680         5003.58228000
 681         5019.55141000
 682         5035.56210000
 683         5051.61446000
 684         5067.70855000
 685         5083.84448000
 686         5100.02233000
 687         5116.24218000
 688         5132.50412000
 689         5148.80824000
 690         5165.15462000
 691         5181.54336000
 692         5197.97454000
 693         5214.44824000
 694         5230.96456000
 695         5247.52358000
 696         5264.12539000
 697         5280.77008000
 698         5297.45774000
 699         5314.18845000
 700         5330.96230000
 701         5347.77939000
 702         5364.63979000
 703         5381.54361000
 704         5398.49092000
 705         5415.48181000
 706         5432.51639000
 707         5449.59472000
 708         5466.71691000
 709         5483.88305000
 710         5501.09321000
 711         5518.34750000
 712         5535.64600000
 713         5552.98881000
 714         5570.37600000
 715         5587.80768000
 716         5605.28393000
 717         5622.80485000
 718         5640.37052000
 719         5657.98103000
 720         5675.63648000
 721         5693.33696000
 722         5711.08255000
 723         5728.87335000
 724         5746.70946000
 725         5764.59095000
 726         5782.51793000
 727         5800.49048000
 728         5818.50870000
 729         5836.57267000
 730         5854.68250000
 731         5872.83827000
 732         5891.04008000
 733         5909.28801000
 734         5927.58217000
 735         5945.92263000
 736         5964.30951000
 737         5982.74288000
 738         6001.22284000
 739         6019.74949000
 740         6038.32292000
 741         6056.94322000
 742         6075.61049000
 743         6094.32482000
 744         6113.08630000
 745         6131.89502000
 746         6150.75109000
 747         6169.65460000
 748         6188.60563000
 749         6207.60429000
 750         6226.65067000
 751         6245.74487000
 752         6264.88697000
 753         6284.07708000
 754         6303.31529000
 755         6322.60169000
 756         6341.93638000
 757         6361.31946000
 758         6380.75102000
 759         6400.23116000
 760         6419.75997000
 761         6439.33755000
 762         6458.96400000
 763         6478.63941000
 764         6498.36387000
 765         6518.13750000
 766         6537.96037000
 767         6557.83259000
 768         6577.75426000
 769         6597.72548000
 770         6617.74633000
 771         6637.81692000
 772         6657.93734000
 773         6678.10770000
 774         6698.32809000
 775         6718.59861000
 776         6738.91935000
 777         6759.29042000
 778         6779.71191000
 779         6800.18393000
 780         6820.70656000
 781         6841.27992000
 782         6861.90409000
 783         6882.57918000
 784         6903.30528000
 785         6924.08250000
 786         6944.91094000
 787         6965.79069000
 788         6986.72185000
 789         7007.70453000
 790         7028.73882000
 791         7049.82482000
 792         7070.96264000
 793         7092.15237000
 794         7113.39412000
 795         7134.68798000
 796         7156.03406000
 797         7177.43245000
 798         7198.88327000
 799         7220.38660000
 800         7241.94255000
 801         7263.55123000
 802         7285.21273000
 803         7306.92715000
 804         7328.69460000
 805         7350.51518000
 806         7372.38899000
 807         7394.31613000
 808         7416.29671000
 809         7438.33082000
 810         7460.41858000
 811         7482.56008000
 812         7504.75542000
 813         7527.00472000
 814         7549.30807000
 815         7571.66557000
 816         7594.07733000
 817         7616.54346000
 818         7639.06405000
 819         7661.63921000
 820         7684.26905000
 821         7706.95366000
 822         7729.69316000
 823         7752.48764000
 824         7775.33722000
 825         7798.24199000
 826         7821.20206000
 827         7844.21754000
 828         7867.28853000
 829         7890.41514000
 830         7913.59747000
 831         7936.83562000
 832         7960.12971000
 833         7983.47984000
 834         8006.88611000
 835         8030.34863000
 836         8053.86751000
 837         8077.44285000
 838         8101.07477000
 839         8124.76335000
 840         8148.50872000
 841         8172.31098000
 842         8196.17024000
 843         8220.08660000
 844         8244.06017000
 845         8268.09107000
 846         8292.17938000
 847         8316.32523000
 848         8340.52873000
 849         8364.78997000
 850         8389.10907000
 851         8413.48614000
 852         8437.92128000
 853         8462.41461000
 854         8486.96622000
 855         8511.57624000
 856         8536.24477000
 857         8560.97191000
 858         8585.75779000
 859         8610.60250000
 860         8635.50616000
 861         8660.46887000
 862         8685.49075000
 863         8710.57191000
 864         8735.71246000
 865         8760.91250000
 866         8786.17215000
 867         8811.49151000
 868         8836.87071000
 869         8862.30984000
 870         8887.80903000
 871         8913.36837000
 872         8938.98799000
 873         8964.66799000
 874         8990.40849000
 875         9016.20959000
 876         9042.07141000
 877         9067.99407000
 878         9093.97766000
 879         9120.02231000
 880         9146.12813000
 881         9172.29523000
 882         9198.52372000
 883         9224.81372000
 884         9251.16533000
 885         9277.57868000
 886         9304.05387000
 887         9330.59101000
 888         9357.19023000
 889         9383.85164000
 890         9410.57534000
 891         9437.36146000
 892         9464.21010000
 893         9491.12138000
 894         9518.09542000
 895         9545.13233000
 896         9572.23223000
 897         9599.39522000
 898         9626.62143000
 899         9653.91097000
 900         9681.26395000
 901         9708.68049000
 902         9736.16071000
 903         9763.70472000
 904         9791.31264000
 905         9818.98458000
 906         9846.72065000
 907         9874.52099000
 908         9902.38569000
 909         9930.31489000
 910         9958.30869000
 911         9986.36721000
 912        10014.49060000
 913        10042.67890000
 914        10070.93230000
 915        10099.25090000
 916        10127.63470000
 917        10156.08410000
 918        10184.59890000
 919        10213.17940000
 920        10241.82570000
 921        10270.53790000
 922        10299.31620000
 923        10328.16050000
 924        10357.07110000
 925        10386.04810000
 926        10415.09160000
 927        10444.20160000
 928        10473.37840000
 929        10502.62210000
 930        10531.93270000
 931        10561.31050000
 932        10590.75540000
 933        10620.26760000
 934        10649.84740000
 935        10679.49460000
 936        10709.20960000
 937        10738.99240000
 938        10768.84310000
 939        10798.76180000
 940        10828.74880000
 941        10858.80400000
 942        10888.92770000
 943        10919.11980000
 944        10949.38070000
 945        10979.71030000
 946        11010.10880000
 947        11040.57640000
 948        11071.11310000
 949        11101.71910000
 950        11132.39440000
 951        11163.13930000
 952        11193.95380000
 953        11224.83810000
 954        11255.79230000
 955        11286.81650000
 956        11317.91080000
 957        11349.07530000
 958        11380.31030000
 959        11411.61570000
 960        11442.99180000
 961        11474.43860000
 962        11505.95630000
 963        11537.54500000
 964        11569.20480000
 965        11600.93590000
 966        11632.73830000
 967        11664.61230000
 968        11696.55780000
 969        11728.57520000
 970        11760.66430000
 971        11792.82550000
 972        11825.05890000
 973        11857.36440000
 974        11889.74240000
 975        11922.19290000
 976        11954.71600000
 977        11987.31180000
 978        12019.98060000
 979        12052.72230000
 980        12085.53720000
 981        12118.42540000
 982        12151.38690000
 983        12184.42200000
 984        12217.53070000
 985        12250.71320000
 986        12283.96960000
 987        12317.30010000
 988        12350.70470000
 989        12384.18360000
 990        12417.73690000
 991        12451.36480000
 992        12485.06730000
 993        12518.84460000
 994        12552.69690000
 995        12586.62430000
 996        12620.62680000
 997        12654.70470000
 998        12688.85800000
 999        12723.08690000
1000        12757.39150000
1001        12791.77200000
1002        12826.22840000
1003        12860.76100000
1004        12895.36970000
1005        12930.05490000
1006        12964.81650000
1007        12999.65480000
1008        13034.56980000
1009        13069.56170000
1010        13104.63070000
1011        13139.77680000
1012        13175.00020000
1013        13210.30100000
1014        13245.67940000
1015        13281.13540000
1016        13316.66930000
1017        13352.28110000
1018        13387.97100000
1019        13423.73910000
1020        13459.58560000
1021        13495.51050000
1022        13531.51410000
1023        13567.59640000
1024        13603.75760000
1025        13639.99780000
1026        13676.31720000
1027        13712.71580000
1028        13749.19390000
1029        13785.75150000
1030        13822.38890000
1031        13859.10600000
1032        13895.90310000
1033        13932.78030000
1034        13969.73780000
1035        14006.77560000
1036        14043.89390000
1037        14081.09280000
1038        14118.37250000
1039        14155.73320000
1040        14193.17480000
1041        14230.69770000
1042        14268.30190000
1043        14305.98750000
1044        14343.75470000
1045        14381.60370000
1046        14419.53450000
1047        14457.54740000
1048        14495.64240000
1049        14533.81960000
1050        14572.07930000
1051        14610.42150000
1052        14648.84650000
1053        14687.35420000
1054        14725.94500000
1055        14764.61880000
1056        14803.37600000
1057        14842.21650000
1058        14881.14050000
1059        14920.14820000
1060        14959.23970000
1061        14998.41510000
1062        15037.67470000
1063        15077.01840000
1064        15116.44660000
1065        15155.95920000
1066        15195.55650000
1067        15235.23860000
1068        15275.00560000
1069        15314.85760000
1070        15354.79490000
1071        15394.81760000
1072        15434.92570000
1073        15475.11950000
1074        15515.39900000
1075        15555.76450000
1076        15596.21610000
1077        15636.75380000
1078        15677.37790000
1079        15718.08850000
1080        15758.88570000
1081        15799.76970000
1082        15840.74060000
1083        15881.79850000
1084        15922.94370000
1085        15964.17620000
1086        16005.49620000
1087        16046.90390000
1088        16088.39930000
1089        16129.98260000
1090        16171.65410000
1091        16213.41370000
1092        16255.26170000
1093        16297.19820000
1094        16339.22330000
1095        16381.33730000
1096        16423.54010000
1097        16465.83210000
1098        16508.21330000
1099        16550.68380000
1100        16593.24390000
1101        16635.89370000
1102        16678.63320000
1103        16721.46270000
1104        16764.38240000
1105        16807.39230000
1106        16850.49250000
1107        16893.68340000
1108        16936.96490000
1109        16980.33730000
1110        17023.80060000
1111        17067.35510000
1112        17111.00090000
1113        17154.73810000
1114        17198.56690000
1115        17242.48740000
1116        17286.49980000
1117        17330.60430000
1118        17374.80090000
1119        17419.08980000
1120        17463.47120000
1121        17507.94530000
1122        17552.51210000
1123        17597.17180000
1124        17641.92460000
1125        17686.77070000
1126        17731.71010000
1127        17776.74300000
1128        17821.86960000
1129        17867.09000000
1130        17912.40440000
1131        17957.81300000
1132        18003.31580000
1133        18048.91300000
1134        18094.60490000
1135        18140.39140000
1136        18186.27290000
1137        18232.24930000
1138        18278.32100000
1139        18324.48800000
1140        18370.75050000
1141        18417.10870000
1142        18463.56270000
1143        18510.11260000
1144        18556.75860000
1145        18603.50090000
1146        18650.33960000
1147        18697.27480000
1148        18744.30680000
1149        18791.43560000
1150        18838.66150000
1151        18885.98460000
1152        18933.40500000
1153        18980.92290000
1154        19028.53840000
1155        19076.25180000
1156        19124.06310000
1157        19171.97250000
1158        19219.98020000
1159        19268.08630000
1160        19316.29100000
1161        19364.59450000
1162        19412.99680000
1163        19461.49820000
1164        19510.09870000
1165        19558.79870000
1166        19607.59820000
1167        19656.49730000
1168        19705.49630000
1169        19754.59520000
1170        19803.79440000
1171        19853.09380000
1172        19902.49370000
1173        19951.99420000
1174        20001.59550000
1175        20051.29770000
1176        20101.10100000
1177        20151.00560000
1178        20201.01160000
1179        20251.11920000
1180        20301.32850000
1181        20351.63970000
1182        20402.05290000
1183        20452.56840000
1184        20503.18630000
1185        20553.90660000
1186        20604.72970000
1187        20655.65560000
1188        20706.68450000
1189        20757.81670000
1190        20809.05210000
1191        20860.39100000
1192        20911.83360000
1193        20963.38010000
1194        21015.03050000
1195        21066.78500000
1196        21118.64390000
1197        21170.60720000
1198        21222.67510000
1199        21274.84790000
1200        21327.12560000
1201        21379.50840000
1202        21431.99650000
1203        21484.59000000
1204        21537.28910000
1205        21590.09410000
1206        21643.00490000
1207        21696.02190000
1208        21749.14510000
1209        21802.37470000
1210        21855.71090000
1211        21909.15390000
1212        21962.70380000
1213        22016.36080000
1214        22070.12500000
1215        22123.99670000
1216        22177.97590000
1217        22232.06290000
1218        22286.25780000
1219        22340.56080000
1220        22394.97200000
1221        22449.49160000
1222        22504.11980000
1223        22558.85680000
1224        22613.70260000
1225        22668.65750000
1226        22723.72170000
1227        22778.89530000
1228        22834.17850000
1229        22889.57140000
1230        22945.07420000
1231        23000.68710000
1232        23056.41030000
1233        23112.24390000
1234        23168.18800000
1235        23224.24300000
1236        23280.40880000
1237        23336.68580000
1238        23393.07400000
1239        23449.57360000
1240        23506.18490000
1241        23562.90790000
1242        23619.74280000
1243        23676.68990000
1244        23733.74930000
1245        23790.92110000
1246        23848.20550000
1247        23905.60270000
1248        23963.11290000
1249        24020.73620000
1250        24078.47280000
1251        24136.32300000
1252        24194.28670000
1253        24252.36430000
1254        24310.55590000
1255        24368.86160000
1256        24427.28170000
1257        24485.81630000
1258        24544.46560000
1259        24603.22970000
1260        24662.10890000
1261        24721.10320000
1262        24780.21300000
1263        24839.43830000
1264        24898.77930000
1265        24958.23620000
1266        25017.80920000
1267        25077.49850000
1268        25137.30410000
1269        25197.22640000
1270        25257.26540000
1271        25317.42140000
1272        25377.69450000
1273        25438.08480000
1274        25498.59270000
1275        25559.21820000
1276        25619.96150000
1277        25680.82280000
1278        25741.80230000
1279        25802.90020000
1280        25864.11660000
1281        25925.45170000
1282        25986.90560000
1283        26048.47870000
1284        26110.17090000
1285        26171.98260000
1286        26233.91390000
1287        26295.96490000
1288        26358.13590000
1289        26420.42700000
1290        26482.83840000
1291        26545.37030000
1292        26608.02280000
1293        26670.79620000
1294        26733.69060000
1295        26796.70630000
1296        26859.84320000
1297        26923.10180000
1298        26986.48210000
1299        27049.98430000
1300        27113.60860000
1301        27177.35510000
1302        27241.22420000
1303        27305.21580000
1304        27369.33030000
1305        27433.56780000
1306        27497.92850000
1307        27562.41250000
1308        27627.02010000
1309        27691.75140000
1310        27756.60660000
1311        27821.58590000
1312        27886.68940000
1313        27951.91750000
1314        28017.27010000
1315        28082.74760000
1316        28148.35010000
1317        28214.07780000
1318        28279.93080000
1319        28345.90940000
1320        28412.01370000
1321        28478.24400000
1322        28544.60030000
1323        28611.08300000
1324        28677.69210000
1325        28744.42790000
1326        28811.29050000
1327        28878.28010000
1328        28945.39700000
1329        29012.64120000
1330        29080.01310000
1331        29147.51270000
1332        29215.14020000
1333        29282.89590000
1334        29350.78000000
1335        29418.79250000
1336        29486.93370000
1337        29555.20390000
1338        29623.60310000
1339        29692.13150000
1340        29760.78950000
1341        29829.57700000
1342        29898.49440000
1343        29967.54180000
1344        30036.71930000
1345        30106.02730000
1346        30175.46590000
1347        30245.03520000
1348        30314.73540000
1349        30384.56680000
1350        30454.52960000
1351        30524.62380000
1352        30594.84980000
1353        30665.20770000
1354        30735.69760000
1355        30806.31990000
1356        30877.07460000
1357        30947.96190000
1358        31018.98210000
1359        31090.13540000
1360        31161.42190000
1361        31232.84180000
1362        31304.39530000
1363        31376.08260000
1364        31447.90400000
1365        31519.85950000
1366        31591.94940000
1367        31664.17390000
1368        31736.53310000
1369        31809.02730000
1370        31881.65670000
1371        31954.42130000
1372        32027.32160000
1373        32100.35750000
1374        32173.52940000
1375        32246.83740000
1376        32320.28170000
1377        32393.86260000
1378        32467.58010000
1379        32541.43450000
1380        32615.42600000
1381        32689.55480000
1382        32763.82110000
1383        32838.22500000
1384        32912.76680000
1385        32987.44670000
1386        33062.26480000
1387        33137.22140000
1388        33212.31660000
1389        33287.55070000
1390        33362.92380000
1391        33438.43620000
1392        33514.08800000
1393        33589.87950000
1394        33665.81070000
1395        33741.88210000
1396        33818.09360000
1397        33894.44550000
1398        33970.93810000
1399        34047.57150000
1400        34124.34590000
1401        34201.26160000
1402        34278.31860000
1403        34355.51730000
1404        34432.85780000
1405        34510.34020000
1406        34587.96490000
1407        34665.73200000
1408        34743.64180000
1409        34821.69430000
1410        34899.88980000
1411        34978.22860000
1412        35056.71080000
1413        35135.33650000
1414        35214.10610000
1415        35293.01970000
1416        35372.07760000
1417        35451.27980000
1418        35530.62660000
1419        35610.11830000
1420        35689.75500000
1421        35769.53690000
1422        35849.46430000
1423        35929.53730000
1424        36009.75610000
1425        36090.12090000
1426        36170.63200000
1427        36251.28950000
1428        36332.09360000
1429        36413.04460000
1430        36494.14270000
1431        36575.38800000
1432        36656.78080000
1433        36738.32120000
1434        36820.00950000
1435        36901.84590000
1436        36983.83050000
1437        37065.96370000
1438        37148.24550000
1439        37230.67620000
1440        37313.25600000
1441        37395.98510000
1442        37478.86380000
1443        37561.89210000
1444        37645.07040000
1445        37728.39880000
1446        37811.87750000
1447        37895.50680000
1448        37979.28680000
1449        38063.21780000
1450        38147.29990000
1451        38231.53350000
1452        38315.91860000
1453        38400.45550000
1454        38485.14430000
1455        38569.98540000
1456        38654.97890000
1457        38740.12510000
1458        38825.42400000
1459        38910.87600000
1460        38996.48130000
1461        39082.24000000
1462        39168.15240000
1463        39254.21860000
1464        39340.43900000
1465        39426.81360000
1466        39513.34280000
1467        39600.02670000
1468        39686.86550000
1469        39773.85940000
1470        39861.00870000
1471        39948.31360000
1472        40035.77420000
1473        40123.39090000
1474        40211.16370000
1475        40299.09290000
1476        40387.17880000
1477        40475.42150000
1478        40563.82130000
1479        40652.37830000
1480        40741.09280000
1481        40829.96500000
1482        40918.99510000
1483        41008.18330000
1484        41097.52980000
1485        41187.03490000
1486        41276.69870000
1487        41366.52150000
1488        41456.50350000
1489        41546.64490000
1490        41636.94590000
1491        41727.40680000
1492        41818.02770000
1493        41908.80880000
1494        41999.75040000
1495        42090.85280000
1496        42182.11600000
1497        42273.54040000
1498        42365.12610000
1499        42456.87330000
1500        42548.78240000
1501        42640.85340000
1502        42733.08660000
1503        42825.48230000
1504        42918.04060000
1505        43010.76180000
1506        43103.64610000
1507        43196.69360000
1508        43289.90470000
1509        43383.27950000
1510        43476.81830000
1511        43570.52120000
1512        43664.38850000
1513        43758.42050000
1514        43852.61720000
1515        43946.97910000
1516        44041.50620000
1517        44136.19880000
1518        44231.05700000
1519        44326.08130000
1520        44421.27160000
1521        44516.62840000
1522        44612.15170000
1523        44707.84190000
1524        44803.69910000
1525        44899.72350000
1526        44995.91550000
1527        45092.27510000
1528        45188.80260000
1529        45285.49830000
1530        45382.36240000
1531        45479.39510000
1532        45576.59650000
1533        45673.96700000
1534        45771.50680000
1535        45869.21600000
1536        45967.09500000
1537        46065.14390000
1538        46163.36290000
1539        46261.75230000
1540        46360.31230000
1541        46459.04310000
1542        46557.94500000
1543        46657.01820000
1544        46756.26290000
1545        46855.67920000
1546        46955.26760000
1547        47055.02810000
1548        47154.96100000
1549        47255.06660000
1550        47355.34500000
1551        47455.79650000
1552        47556.42130000
1553        47657.21960000
1554        47758.19170000
1555        47859.33780000
1556        47960.65810000
1557        48062.15280000
1558        48163.82220000
1559        48265.66650000
1560        48367.68600000
1561        48469.88080000
1562        48572.25110000
1563        48674.79730000
1564        48777.51960000
1565        48880.41810000
1566        48983.49310000
1567        49086.74480000
1568        49190.17350000
1569        49293.77940000
1570        49397.56270000
1571        49501.52360000
1572        49605.66240000
1573        49709.97940000
1574        49814.47460000
1575        49919.14850000
1576        50024.00110000
1577        50129.03280000
1578        50234.24370000
1579        50339.63420000
1580        50445.20430000
1581        50550.95450000
1582        50656.88480000
1583        50762.99550000
1584        50869.28690000
1585        50975.75920000
1586        51082.41260000
1587        51189.24740000
1588        51296.26370000
1589        51403.46190000
1590        51510.84210000
1591        51618.40470000
1592        51726.14970000
1593        51834.07750000
1594        51942.18830000
1595        52050.48230000
1596        52158.95980000
1597        52267.62100000
1598        52376.46610000
1599        52485.49540000
1600        52594.70910000
1601        52704.10740000
1602        52813.69070000
1603        52923.45900000
1604        53033.41260000
1605        53143.55190000
1606        53253.87700000
1607        53364.38810000
1608        53475.08550000
1609        53585.96950000
1610        53697.04020000
1611        53808.29790000
1612        53919.74290000
1613        54031.37530000
1614        54143.19550000
1615        54255.20370000
1616        54367.40000000
1617        54479.78480000
1618        54592.35820000
1619        54705.12060000
1620        54818.07210000
1621        54931.21300000
1622        55044.54360000
1623        55158.06400000
1624        55271.77450000
1625        55385.67540000
1626        55499.76690000
1627        55614.04920000
1628        55728.52260000
1629        55843.18730000
1630        55958.04360000
1631        56073.09160000
1632        56188.33170000
1633        56303.76410000
1634        56419.38900000
1635        56535.20670000
1636        56651.21740000
1637        56767.42130000
1638        56883.81880000
1639        57000.40990000
1640        57117.19510000
1641        57234.17440000
1642        57351.34830000
1643        57468.71680000
1644        57586.28030000
1645        57704.03900000
1646        57821.99320000
1647        57940.14300000
1648        58058.48870000
1649        58177.03070000
1650        58295.76900000
1651        58414.70400000
1652        58533.83600000
1653        58653.16510000
1654        58772.69150000
1655        58892.41570000
1656        59012.33770000
1657        59132.45790000
1658        59252.77640000
1659        59373.29360000
1660        59494.00970000
1661        59614.92490000
1662        59736.03950000
1663        59857.35360000
1664        59978.86770000
1665        60100.58190000
1666        60222.49640000
1667        60344.61160000
1668        60466.92760000
1669        60589.44470000
1670        60712.16320000
1671        60835.08330000
1672        60958.20520000
1673        61081.52930000
1674        61205.05570000
1675        61328.78470000
1676        61452.71650000
1677        61576.85150000
1678        61701.18980000
1679        61825.73170000
1680        61950.47750000
1681        62075.42740000
1682        62200.58160000
1683        62325.94050000
1684        62451.50420000
1685        62577.27300000
1686        62703.24710000
1687        62829.42690000
1688        62955.81260000
1689        63082.40430000
1690        63209.20250000
1691        63336.20720000
1692        63463.41890000
1693        63590.83760000
1694        63718.46380000
1695        63846.29750000
1696        63974.33920000
1697        64102.58900000
1698        64231.04720000
1699        64359.71400000
1700        64488.58980000
1701        64617.67470000
1702        64746.96900000
1703        64876.47300000
1704        65006.18690000
1705        65136.11100000
1706        65266.24550000
1707        65396.59070000
1708        65527.14680000
1709        65657.91410000
1710        65788.89290000
1711        65920.08340000
1712        66051.48590000
1713        66183.10060000
1714        66314.92780000
1715        66446.96770000
1716        66579.22060000
1717        66711.68670000
1718        66844.36640000
1719        66977.25980000
1720        67110.36730000
1721        67243.68900000
1722        67377.22530000
1723        67510.97640000
1724        67644.94250000
1725        67779.12400000
1726        67913.52100000
1727        68048.13390000
1728        68182.96280000
1729        68318.00820000
1730        68453.27010000
1731        68588.74890000
1732        68724.44480000
1733        68860.35810000
1734        68996.48910000
1735        69132.83800000
1736        69269.40510000
1737        69406.19060000
1738        69543.19480000
1739        69680.41790000
1740        69817.86030000
1741        69955.52210000
1742        70093.40370000
1743        70231.50540000
1744        70369.82720000
1745        70508.36960000
1746        70647.13280000
1747        70786.11710000
1748        70925.32260000
1749        71064.74980000
1750        71204.39880000
1751        71344.26990000
1752        71484.36330000
1753        71624.67940000
1754        71765.21840000
1755        71905.98060000
1756        72046.96620000
1757        72188.17550000
1758        72329.60870000
1759        72471.26620000
1760        72613.14810000
1761        72755.25480000
1762        72897.58650000
1763        73040.14360000
1764        73182.92610000
1765        73325.93450000
1766        73469.16890000
1767        73612.62970000
1768        73756.31710000
1769        73900.23140000
1770        74044.37280000
1771        74188.74170000
1772        74333.33820000
1773        74478.16270000
1774        74623.21540000
1775        74768.49660000
1776        74914.00650000
1777        75059.74550000
1778        75205.71370000
1779        75351.91150000
1780        75498.33910000
1781        75644.99680000
1782        75791.88490000
1783        75939.00360000
1784        76086.35330000
1785        76233.93400000
1786        76381.74630000
1787        76529.79020000
1788        76678.06610000
1789        76826.57430000
1790        76975.31500000
1791        77124.28850000
1792        77273.49500000
1793        77422.93490000
1794        77572.60840000
1795        77722.51580000
1796        77872.65730000
1797        78023.03320000
1798        78173.64380000
1799        78324.48940000
1800        78475.57030000
1801        78626.88660000
1802        78778.43870000
1803        78930.22690000
1804        79082.25130000
1805        79234.51240000
1806        79387.01040000
1807        79539.74550000
1808        79692.71800000
1809        79845.92830000
1810        79999.37640000
1811        80153.06290000
1812        80306.98780000
1813        80461.15150000
1814        80615.55430000
1815        80770.19650000
1816        80925.07820000
1817        81080.19990000
1818        81235.56170000
1819        81391.16390000
1820        81547.00690000
1821        81703.09080000
1822        81859.41600000
1823        82015.98280000
1824        82172.79140000
1825        82329.84200000
1826        82487.13510000
1827        82644.67080000
1828        82802.44940000
1829        82960.47120000
1830        83118.73650000
1831        83277.24560000
1832        83435.99870000
1833        83594.99610000
1834        83754.23820000
1835        83913.72500000
1836        84073.45710000
1837        84233.43450000
1838        84393.65770000
1839        84554.12690000
1840        84714.84230000
1841        84875.80420000
1842        85037.01300000
1843        85198.46890000
1844        85360.17220000
1845        85522.12310000
1846        85684.32200000
1847        85846.76910000
1848        86009.46470000
1849        86172.40910000
1850        86335.60250000
1851        86499.04530000
1852        86662.73780000
1853        86826.68010000
1854        86990.87260000
1855        87155.31560000
1856        87320.00940000
1857        87484.95410000
1858        87650.15020000
1859        87815.59790000
1860        87981.29750000
1861        88147.24930000
1862        88313.45350000
1863        88479.91040000
1864        88646.62030000
1865        88813.58360000
1866        88980.80040000
1867        89148.27100000
1868        89315.99590000
1869        89483.97510000
1870        89652.20910000
1871        89820.69810000
1872        89989.44230000
1873        90158.44220000
1874        90327.69780000
1875        90497.20970000
1876        90666.97790000
1877        90837.00280000
1878        91007.28480000
1879        91177.82400000
1880        91348.62080000
1881        91519.67550000
1882        91690.98820000
1883        91862.55950000
1884        92034.38940000
1885        92206.47830000
1886        92378.82650000
1887        92551.43430000
1888        92724.30190000
1889        92897.42970000
1890        93070.81790000
1891        93244.46680000
1892        93418.37680000
1893        93592.54800000
1894        93766.98080000
1895        93941.67550000
1896        94116.63240000
1897        94291.85170000
1898        94467.33370000
1899        94643.07880000
1900        94819.08720000
1901        94995.35920000
1902        95171.89510000
1903        95348.69520000
1904        95525.75970000
1905        95703.08900000
1906        95880.68340000
1907        96058.54310000
1908        96236.66840000
1909        96415.05970000
1910        96593.71720000
1911        96772.64120000
1912        96951.83200000
1913        97131.28990000
1914        97311.01510000
1915        97491.00810000
1916        97671.26900000
1917        97851.79810000
1918        98032.59580000
1919        98213.66240000
1920        98394.99800000
1921        98576.60310000
1922        98758.47790000
1923        98940.62270000
1924        99123.03790000
1925        99305.72360000
1926        99488.68020000
1927        99671.90800000
1928        99855.40720000
1929       100039.17800000
1930       100223.22100000
1931       100407.53700000
1932       100592.12500000
1933       100776.98600000
1934       100962.12000000
1935       101147.52800000
1936       101333.21000000
1937       101519.16500000
1938       101705.39600000
1939       101891.90100000
1940       102078.68000000
1941       102265.73600000
1942       102453.06700000
1943       102640.67300000
1944       102828.55600000
1945       103016.71600000
1946       103205.15200000
1947       103393.86500000
1948       103582.85600000
1949       103772.12400000
1950       103961.67000000
1951       104151.49500000
1952       104341.59800000
1953       104531.98000000
1954       104722.64100000
1955       104913.58200000
1956       105104.80200000
1957       105296.30200000
1958       105488.08300000
1959       105680.14500000
1960       105872.48700000
1961       106065.11100000
1962       106258.01600000
1963       106451.20300000
1964       106644.67200000
1965       106838.42400000
1966       107032.45800000
1967       107226.77500000
1968       107421.37600000
1969       107616.26000000
1970       107811.42900000
1971       108006.88100000
1972       108202.61800000
1973       108398.64000000
1974       108594.94700000
1975       108791.54000000
1976       108988.41800000
1977       109185.58300000
1978       109383.03300000
1979       109580.77100000
1980       109778.79500000
1981       109977.10600000
1982       110175.70500000
1983       110374.59200000
1984       110573.76700000
1985       110773.23100000
1986       110972.98300000
1987       111173.02500000
1988       111373.35500000
1989       111573.97600000
1990       111774.88600000
1991       111976.08700000
1992       112177.57800000
1993       112379.36000000
1994       112581.43300000
1995       112783.79800000
1996       112986.45500000
1997       113189.40300000
1998       113392.64500000
1999       113596.17800000
2000       113800.00500000
2001       114004.12500000
2002       114208.53900000
2003       114413.24700000
2004       114618.24800000
2005       114823.54500000
2006       115029.13600000
2007       115235.02200000
2008       115441.20400000
2009       115647.68200000
2010       115854.45500000
2011       116061.52500000
2012       116268.89200000
2013       116476.55600000
2014       116684.51700000
2015       116892.77500000
2016       117101.33200000
2017       117310.18600000
2018       117519.34000000
2019       117728.79100000
2020       117938.54300000
2021       118148.59300000
2022       118358.94300000
2023       118569.59400000
2024       118780.54400000
2025       118991.79600000
2026       119203.34800000
2027       119415.20200000
2028       119627.35700000
2029       119839.81400000
2030       120052.57300000
2031       120265.63500000
2032       120478.99900000
2033       120692.66700000
2034       120906.63800000
2035       121120.91300000
2036       121335.49200000
2037       121550.37500000
2038       121765.56300000
2039       121981.05600000
2040       122196.85500000
2041       122412.95900000
2042       122629.36900000
2043       122846.08500000
2044       123063.10700000
2045       123280.43700000
2046       123498.07300000
2047       123716.01700000
2048       123934.26900000
2049       124152.82900000
2050       124371.69700000
2051       124590.87400000
2052       124810.36000000
2053       125030.15600000
2054       125250.26100000
2055       125470.67600000
2056       125691.40100000
2057       125912.43700000
2058       126133.78400000
2059       126355.44200000
2060       126577.41100000
2061       126799.69300000
2062       127022.28600000
2063       127245.19200000
2064       127468.41100000
2065       127691.94300000
2066       127915.78800000
2067       128139.94700000
2068       128364.42000000
2069       128589.20700000
2070       128814.30900000
2071       129039.72600000
2072       129265.45800000
2073       129491.50600000
2074       129717.86900000
2075       129944.54900000
2076       130171.54600000
2077       130398.85900000
2078       130626.48900000
2079       130854.43700000
2080       131082.70300000
2081       131311.28700000
2082       131540.18900000
2083       131769.41000000
2084       131998.95000000
2085       132228.81000000
2086       132458.98900000
2087       132689.48800000
2088       132920.30800000
2089       133151.44800000
2090       133382.90900000
2091       133614.69100000
2092       133846.79500000
2093       134079.22100000
2094       134311.96900000
2095       134545.04000000
2096       134778.43300000
2097       135012.15000000
2098       135246.19000000
2099       135480.55400000
2100       135715.24200000
2101       135950.25400000
2102       136185.59200000
2103       136421.25400000
2104       136657.24200000
2105       136893.55500000
2106       137130.19400000
2107       137367.16000000
2108       137604.45300000
2109       137842.07200000
2110       138080.01900000
2111       138318.29300000
2112       138556.89600000
2113       138795.82600000
2114       139035.08500000
2115       139274.67400000
2116       139514.59100000
2117       139754.83800000
2118       139995.41400000
2119       140236.32100000
2120       140477.55900000
2121       140719.12700000
2122       140961.02600000
2123       141203.25700000
2124       141445.81900000
2125       141688.71400000
2126       141931.94100000
2127       142175.50100000
2128       142419.39400000
2129       142663.62000000
2130       142908.18000000
2131       143153.07400000
2132       143398.30200000
2133       143643.86500000
2134       143889.76300000
2135       144135.99700000
2136       144382.56500000
2137       144629.47000000
2138       144876.71100000
2139       145124.28900000
2140       145372.20400000
2141       145620.45600000
2142       145869.04500000
2143       146117.97200000
2144       146367.23800000
2145       146616.84200000
2146       146866.78500000
2147       147117.06700000
2148       147367.68900000
2149       147618.65000000
2150       147869.95200000
2151       148121.59400000
2152       148373.57600000
2153       148625.90000000
2154       148878.56600000
2155       149131.57300000
2156       149384.92200000
2157       149638.61400000
2158       149892.64800000
2159       150147.02500000
2160       150401.74600000
2161       150656.81000000
2162       150912.21900000
2163       151167.97200000
2164       151424.06900000
2165       151680.51200000
2166       151937.30000000
2167       152194.43300000
2168       152451.91300000
2169       152709.73800000
2170       152967.91100000
2171       153226.43000000
2172       153485.29700000
2173       153744.51100000
2174       154004.07300000
2175       154263.98400000
2176       154524.24300000
2177       154784.85000000
2178       155045.80800000
2179       155307.11400000
2180       155568.77100000
2181       155830.77800000
2182       156093.13500000
2183       156355.84300000
2184       156618.90200000
2185       156882.31300000
2186       157146.07600000
2187       157410.19100000
2188       157674.65800000
2189       157939.47800000
2190       158204.65200000
2191       158470.17900000
2192       158736.05900000
2193       159002.29400000
2194       159268.88300000
2195       159535.82700000
2196       159803.12600000
2197       160070.78100000
2198       160338.79100000
2199       160607.15800000
2200       160875.88000000
2201       161144.96000000
2202       161414.39700000
2203       161684.19100000
2204       161954.34300000
2205       162224.85300000
2206       162495.72100000
2207       162766.94800000
2208       163038.53400000
2209       163310.47900000
2210       163582.78400000
2211       163855.45000000
2212       164128.47500000
2213       164401.86100000
2214       164675.60900000
2215       164949.71700000
2216       165224.18800000
2217       165499.02000000
2218       165774.21500000
2219       166049.77200000
2220       166325.69200000
2221       166601.97600000
2222       166878.62300000
2223       167155.63500000
2224       167433.01000000
2225       167710.75100000
2226       167988.85600000
2227       168267.32700000
2228       168546.16300000
2229       168825.36500000
2230       169104.93400000
2231       169384.86900000
2232       169665.17100000
2233       169945.84100000
2234       170226.87800000
2235       170508.28300000
2236       170790.05600000
2237       171072.19800000
2238       171354.70900000
2239       171637.58900000
2240       171920.83900000
2241       172204.45900000
2242       172488.44900000
2243       172772.80900000
2244       173057.54100000
2245       173342.64400000
2246       173628.11800000
2247       173913.96400000
2248       174200.18300000
2249       174486.77400000
2250       174773.73900000
2251       175061.07600000
2252       175348.78700000
2253       175636.87200000
2254       175925.33100000
2255       176214.16500000
2256       176503.37400000
2257       176792.95800000
2258       177082.91800000
2259       177373.25300000
2260       177663.96500000
2261       177955.05400000
2262       178246.51900000
2263       178538.36200000
2264       178830.58200000
2265       179123.18000000
2266       179416.15600000
2267       179709.51100000
2268       180003.24500000
2269       180297.35800000
2270       180591.85100000
2271       180886.72400000
2272       181181.97700000
2273       181477.61000000
2274       181773.62500000
2275       182070.02100000
2276       182366.79800000
2277       182663.95700000
2278       182961.49900000
2279       183259.42300000
2280       183557.73000000
2281       183856.42000000
2282       184155.49400000
2283       184454.95200000
2284       184754.79400000
2285       185055.02100000
2286       185355.63300000
2287       185656.63000000
2288       185958.01200000
2289       186259.78100000
2290       186561.93600000
2291       186864.47700000
2292       187167.40500000
2293       187470.72100000
2294       187774.42400000
2295       188078.51500000
2296       188382.99500000
2297       188687.86300000
2298       188993.12000000
2299       189298.76700000
2300       189604.80300000
2301       189911.22900000
2302       190218.04500000
2303       190525.25200000
2304       190832.85000000
2305       191140.83900000
2306       191449.22000000
2307       191757.99300000
2308       192067.15800000
2309       192376.71600000
2310       192686.66700000
2311       192997.01100000
2312       193307.74900000
2313       193618.88100000
2314       193930.40700000
2315       194242.32800000
2316       194554.64400000
2317       194867.35500000
2318       195180.46200000
2319       195493.96500000
2320       195807.86400000
2321       196122.16000000
2322       196436.85300000
2323       196751.94300000
2324       197067.43100000
2325       197383.31800000
2326       197699.60200000
2327       198016.28500000
2328       198333.36800000
2329       198650.84900000
2330       198968.73100000
2331       199287.01200000
2332       199605.69400000
2333       199924.77600000
2334       200244.26000000
2335       200564.14500000
2336       200884.43200000
2337       201205.12100000
2338       201526.21200000
2339       201847.70600000
2340       202169.60400000
2341       202491.90400000
2342       202814.60900000
2343       203137.71700000
2344       203461.23000000
2345       203785.14800000
2346       204109.47100000
2347       204434.19900000
2348       204759.33400000
2349       205084.87400000
2350       205410.82100000
2351       205737.17400000
2352       206063.93500000
2353       206391.10400000
2354       206718.68000000
2355       207046.66400000
2356       207375.05700000
2357       207703.85900000
2358       208033.06900000
2359       208362.69000000
2360       208692.72000000
2361       209023.16100000
2362       209354.01200000
2363       209685.27300000
2364       210016.94700000
2365       210349.03100000
2366       210681.52800000
2367       211014.43700000
2368       211347.75800000
2369       211681.49200000
2370       212015.64000000
2371       212350.20100000
2372       212685.17600000
2373       213020.56600000
2374       213356.37000000
2375       213692.58800000
2376       214029.22300000
2377       214366.27300000
2378       214703.73800000
2379       215041.62000000
2380       215379.91900000
2381       215718.63500000
2382       216057.76800000
2383       216397.31900000
2384       216737.28800000
2385       217077.67500000
2386       217418.48000000
2387       217759.70500000
2388       218101.34900000
2389       218443.41300000
2390       218785.89700000
2391       219128.80100000
2392       219472.12600000
2393       219815.87300000
2394       220160.04000000
2395       220504.62900000
2396       220849.64100000
2397       221195.07400000
2398       221540.93100000
2399       221887.21000000
2400       222233.91300000
2401       222581.04000000
2402       222928.59100000
2403       223276.56600000
2404       223624.96700000
2405       223973.79200000
2406       224323.04300000
2407       224672.71900000
2408       225022.82200000
2409       225373.35100000
2410       225724.30800000
2411       226075.69100000
2412       226427.50200000
2413       226779.74000000
2414       227132.40700000
2415       227485.50300000
2416       227839.02700000
2417       228192.98100000
2418       228547.36400000
2419       228902.17700000
2420       229257.42000000
2421       229613.09400000
2422       229969.19900000
2423       230325.73500000
2424       230682.70200000
2425       231040.10200000
2426       231397.93400000
2427       231756.19800000
2428       232114.89600000
2429       232474.02700000
2430       232833.59100000
2431       233193.58900000
2432       233554.02200000
2433       233914.89000000
2434       234276.19200000
2435       234637.93000000
2436       235000.10300000
2437       235362.71300000
2438       235725.75900000
2439       236089.24100000
2440       236453.16100000
2441       236817.51800000
2442       237182.31300000
2443       237547.54600000
2444       237913.21700000
2445       238279.32700000
2446       238645.87600000
2447       239012.86500000
2448       239380.29300000
2449       239748.16200000
2450       240116.47100000
2451       240485.22100000
2452       240854.41200000
2453       241224.04400000
2454       241594.11800000
2455       241964.63500000
2456       242335.59400000
2457       242706.99600000
2458       243078.84100000
2459       243451.12900000
2460       243823.86100000
2461       244197.03800000
2462       244570.65900000
2463       244944.72500000
2464       245319.23700000
2465       245694.19400000
2466       246069.59600000
2467       246445.44500000
2468       246821.74100000
2469       247198.48400000
2470       247575.67400000
2471       247953.31100000
2472       248331.39700000
2473       248709.93000000
2474       249088.91300000
2475       249468.34400000
2476       249848.22500000
2477       250228.55600000
2478       250609.33600000
2479       250990.56700000
2480       251372.24800000
2481       251754.38100000
2482       252136.96500000
2483       252520.00000000
2484       252903.48800000
2485       253287.42800000
2486       253671.82100000
2487       254056.66700000
2488       254441.96600000
2489       254827.72000000
2490       255213.92700000
2491       255600.58800000
2492       255987.70500000
2493       256375.27600000
2494       256763.30300000
2495       257151.78600000
2496       257540.72500000
2497       257930.12100000
2498       258319.97300000
2499       258710.28300000
2500       259101.05000000
2501       259492.27500000
2502       259883.95800000
2503       260276.09900000
2504       260668.70000000
2505       261061.76000000
2506       261455.27900000
2507       261849.25800000
2508       262243.69700000
2509       262638.59700000
2510       263033.95800000
2511       263429.78100000
2512       263826.06400000
2513       264222.81000000
2514       264620.01800000
2515       265017.68900000
2516       265415.82200000
2517       265814.41900000
2518       266213.48000000
2519       266613.00500000
2520       267012.99300000
2521       267413.44700000
2522       267814.36600000
2523       268215.75000000
2524       268617.59900000
2525       269019.91500000
2526       269422.69700000
2527       269825.94600000
2528       270229.66200000
2529       270633.84500000
2530       271038.49600000
2531       271443.61500000
2532       271849.20300000
2533       272255.25900000
2534       272661.78400000
2535       273068.77900000
2536       273476.24300000
2537       273884.17800000
2538       274292.58300000
2539       274701.45900000
2540       275110.80600000
2541       275520.62500000
2542       275930.91500000
2543       276341.67800000
2544       276752.91300000
2545       277164.62100000
2546       277576.80200000
2547       277989.45700000
2548       278402.58500000
2549       278816.18800000
2550       279230.26500000
2551       279644.81700000
2552       280059.84500000
2553       280475.34800000
2554       280891.32700000
2555       281307.78200000
2556       281724.71300000
2557       282142.12200000
2558       282560.00800000
2559       282978.37100000
2560       283397.21300000
2561       283816.53300000
2562       284236.33100000
2563       284656.60800000
2564       285077.36500000
2565       285498.60100000
2566       285920.31700000
2567       286342.51400000
2568       286765.19100000
2569       287188.34900000
2570       287611.98900000
2571       288036.11000000
2572       288460.71400000
2573       288885.79900000
2574       289311.36800000
2575       289737.41900000
2576       290163.95400000
2577       290590.97300000
2578       291018.47500000
2579       291446.46200000
2580       291874.93400000
2581       292303.89100000
2582       292733.33300000
2583       293163.26100000
2584       293593.67500000
2585       294024.57500000
2586       294455.96300000
2587       294887.83700000
2588       295320.19900000
2589       295753.04900000
2590       296186.38600000
2591       296620.21300000
2592       297054.52800000
2593       297489.33200000
2594       297924.62600000
2595       298360.40900000
2596       298796.68300000
2597       299233.44700000
2598       299670.70200000
2599       300108.44800000
2600       300546.68600000
2601       300985.41600000
2602       301424.63700000
2603       301864.35200000
2604       302304.55900000
2605       302745.25900000
2606       303186.45300000
2607       303628.14100000
2608       304070.32300000
2609       304513.00000000
2610       304956.17100000
2611       305399.83800000
2612       305844.00000000
2613       306288.65800000
2614       306733.81300000
2615       307179.46400000
2616       307625.61200000
2617       308072.25700000
2618       308519.40000000
2619       308967.04100000
2620       309415.18000000
2621       309863.81800000
2622       310312.95500000
2623       310762.59100000
2624       311212.72600000
2625       311663.36200000
2626       312114.49800000
2627       312566.13400000
2628       313018.27200000
2629       313470.91100000
2630       313924.05100000
2631       314377.69300000
2632       314831.83800000
2633       315286.48600000
2634       315741.63600000
2635       316197.29000000
2636       316653.44700000
2637       317110.10900000
2638       317567.27500000
2639       318024.94500000
2640       318483.12100000
2641       318941.80200000
2642       319400.98800000
2643       319860.68100000
2644       320320.88000000
2645       320781.58600000
2646       321242.79900000
2647       321704.51900000
2648       322166.74700000
2649       322629.48200000
2650       323092.72700000
2651       323556.48000000
2652       324020.74200000
2653       324485.51300000
2654       324950.79500000
2655       325416.58600000
2656       325882.88700000
2657       326349.70000000
2658       326817.02300000
2659       327284.85800000
2660       327753.20500000
2661       328222.06400000
2662       328691.43500000
2663       329161.31900000
2664       329631.71500000
2665       330102.62600000
2666       330574.05000000
2667       331045.98800000
2668       331518.44100000
2669       331991.40800000
2670       332464.89100000
2671       332938.88900000
2672       333413.40200000
2673       333888.43200000
2674       334363.97800000
2675       334840.04200000
2676       335316.62200000
2677       335793.71900000
2678       336271.33400000
2679       336749.46800000
2680       337228.12000000
2681       337707.29000000
2682       338186.98000000
2683       338667.18900000
2684       339147.91800000
2685       339629.16700000
2686       340110.93700000
2687       340593.22700000
2688       341076.03900000
2689       341559.37200000
2690       342043.22600000
2691       342527.60300000
2692       343012.50200000
2693       343497.92400000
2694       343983.86900000
2695       344470.33800000
2696       344957.33000000
2697       345444.84700000
2698       345932.88800000
2699       346421.45300000
2700       346910.54400000
2701       347400.16000000
2702       347890.30200000
2703       348380.97000000
2704       348872.16500000
2705       349363.88600000
2706       349856.13500000
2707       350348.91000000
2708       350842.21400000
2709       351336.04600000
2710       351830.40600000
2711       352325.29500000
2712       352820.71300000
2713       353316.66000000
2714       353813.13800000
2715       354310.14500000
2716       354807.68300000
2717       355305.75100000
2718       355804.35100000
2719       356303.48200000
2720       356803.14500000
2721       357303.34000000
2722       357804.06700000
2723       358305.32700000
2724       358807.12000000
2725       359309.44600000
2726       359812.30700000
2727       360315.70100000
2728       360819.63000000
2729       361324.09300000
2730       361829.09200000
2731       362334.62500000
2732       362840.69500000
2733       363347.30100000
2734       363854.44300000
2735       364362.12100000
2736       364870.33700000
2737       365379.09000000
2738       365888.38100000
2739       366398.21000000
2740       366908.57700000
2741       367419.48300000
2742       367930.92800000
2743       368442.91200000
2744       368955.43600000
2745       369468.50000000
2746       369982.10500000
2747       370496.25000000
2748       371010.93600000
2749       371526.16300000
2750       372041.93200000
2751       372558.24300000
2752       373075.09600000
2753       373592.49200000
2754       374110.43100000
2755       374628.91300000
2756       375147.93900000
2757       375667.50800000
2758       376187.62200000
2759       376708.28100000
2760       377229.48400000
2761       377751.23300000
2762       378273.52800000
2763       378796.36800000
2764       379319.75400000
2765       379843.68700000
2766       380368.16700000
2767       380893.19500000
2768       381418.76900000
2769       381944.89200000
2770       382471.56300000
2771       382998.78200000
2772       383526.55100000
2773       384054.86800000
2774       384583.73500000
2775       385113.15200000
2776       385643.11900000
2777       386173.63600000
2778       386704.70400000
2779       387236.32400000
2780       387768.49500000
2781       388301.21700000
2782       388834.49200000
2783       389368.31900000
2784       389902.69900000
2785       390437.63200000
2786       390973.11900000
2787       391509.15900000
2788       392045.75400000
2789       392582.90200000
2790       393120.60600000
2791       393658.86400000
2792       394197.67800000
2793       394737.04800000
2794       395276.97400000
2795       395817.45600000
2796       396358.49400000
2797       396900.09000000
2798       397442.24300000
2799       397984.95300000
2800       398528.22200000
2801       399072.04900000
2802       399616.43400000
2803       400161.37900000
2804       400706.88200000
2805       401252.94600000
2806       401799.56900000
2807       402346.75200000
2808       402894.49600000
2809       403442.80100000
2810       403991.66700000
2811       404541.09400000
2812       405091.08400000
2813       405641.63500000
2814       406192.74900000
2815       406744.42600000
2816       407296.66600000
2817       407849.47000000
2818       408402.83700000
2819       408956.76800000
2820       409511.26400000
2821       410066.32500000
2822       410621.95000000
2823       411178.14100000
2824       411734.89800000
2825       412292.22000000
2826       412850.11000000
2827       413408.56500000
2828       413967.58800000
2829       414527.17800000
2830       415087.33600000
2831       415648.06100000
2832       416209.35500000
2833       416771.21800000
2834       417333.64900000
2835       417896.65000000
2836       418460.22000000
2837       419024.36000000
2838       419589.07000000
2839       420154.35100000
2840       420720.20300000
2841       421286.62500000
2842       421853.62000000
2843       422421.18600000
2844       422989.32400000
2845       423558.03400000
2846       424127.31800000
2847       424697.17400000
2848       425267.60400000
2849       425838.60700000
2850       426410.18500000
2851       426982.33700000
2852       427555.06300000
2853       428128.36400000
2854       428702.24100000
2855       429276.69400000
2856       429851.72200000
2857       430427.32600000
2858       431003.50800000
2859       431580.26600000
2860       432157.60100000
2861       432735.51300000
2862       433314.00400000
2863       433893.07300000
2864       434472.72000000
2865       435052.94600000
2866       435633.75100000
2867       436215.13500000
2868       436797.09900000
2869       437379.64400000
2870       437962.76800000
2871       438546.47400000
2872       439130.76000000
2873       439715.62700000
2874       440301.07700000
2875       440887.10800000
2876       441473.72100000
2877       442060.91700000
2878       442648.69600000
2879       443237.05800000
2880       443826.00400000
2881       444415.53300000
2882       445005.64700000
2883       445596.34500000
2884       446187.62700000
2885       446779.49500000
2886       447371.94800000
2887       447964.98700000
2888       448558.61200000
2889       449152.82400000
2890       449747.62200000
2891       450343.00700000
2892       450938.97900000
2893       451535.53900000
2894       452132.68700000
2895       452730.42200000
2896       453328.74700000
2897       453927.66000000
2898       454527.16300000
2899       455127.25500000
2900       455727.93600000
2901       456329.20800000
2902       456931.07100000
2903       457533.52400000
2904       458136.56700000
2905       458740.20300000
2906       459344.43000000
2907       459949.24900000
2908       460554.66000000
2909       461160.66400000
2910       461767.26000000
2911       462374.45000000
2912       462982.23400000
2913       463590.61100000
2914       464199.58200000
2915       464809.14800000
2916       465419.30900000
2917       466030.06400000
2918       466641.41500000
2919       467253.36200000
2920       467865.90400000
2921       468479.04300000
2922       469092.77900000
2923       469707.11100000
2924       470322.04100000
2925       470937.56800000
2926       471553.69400000
2927       472170.41700000
2928       472787.73900000
2929       473405.65900000
2930       474024.17900000
2931       474643.29800000
2932       475263.01600000
2933       475883.33500000
2934       476504.25400000
2935       477125.77300000
2936       477747.89400000
2937       478370.61600000
2938       478993.93900000
2939       479617.86400000
2940       480242.39100000
2941       480867.52100000
2942       481493.25300000
2943       482119.58900000
2944       482746.52800000
2945       483374.07000000
2946       484002.21700000
2947       484630.96800000
2948       485260.32300000
2949       485890.28400000
2950       486520.84900000
2951       487152.02000000
2952       487783.79700000
2953       488416.18000000
2954       489049.17000000
2955       489682.76600000
2956       490316.96900000
2957       490951.78000000
2958       491587.19800000
2959       492223.22400000
2960       492859.85800000
2961       493497.10100000
2962       494134.95300000
2963       494773.41400000
2964       495412.48400000
2965       496052.16500000
2966       496692.45500000
2967       497333.35500000
2968       497974.86700000
2969       498616.98900000
2970       499259.72200000
2971       499903.06800000
2972       500547.02500000
2973       501191.59400000
2974       501836.77500000
2975       502482.57000000
2976       503128.97700000
2977       503775.99800000
2978       504423.63300000
2979       505071.88200000
2980       505720.74500000
2981       506370.22200000
2982       507020.31400000
2983       507671.02200000
2984       508322.34500000
2985       508974.28400000
2986       509626.83900000
2987       510280.01000000
2988       510933.79800000
2989       511588.20300000
2990       512243.22500000
2991       512898.86500000
2992       513555.12300000
2993       514211.99900000
2994       514869.49300000
2995       515527.60700000
2996       516186.33900000
2997       516845.69100000
2998       517505.66200000
2999       518166.25300000
3000       518827.46500000
3001       519489.29700000
3002       520151.75000000
3003       520814.82400000
3004       521478.52000000
3005       522142.83700000
3006       522807.77700000
3007       523473.33900000
3008       524139.52300000
3009       524806.33000000
3010       525473.76100000
3011       526141.81500000
3012       526810.49300000
3013       527479.79500000
3014       528149.72200000
3015       528820.27300000
3016       529491.44900000
3017       530163.25100000
3018       530835.67800000
3019       531508.73100000
3020       532182.41000000
3021       532856.71600000
3022       533531.64800000
3023       534207.20800000
3024       534883.39500000
3025       535560.20900000
3026       536237.65200000
3027       536915.72200000
3028       537594.42200000
3029       538273.75000000
3030       538953.70700000
3031       539634.29400000
3032       540315.51000000
3033       540997.35600000
3034       541679.83300000
3035       542362.94000000
3036       543046.67800000
3037       543731.04700000
3038       544416.04800000
3039       545101.68100000
3040       545787.94500000
3041       546474.84200000
3042       547162.37100000
3043       547850.53400000
3044       548539.32900000
3045       549228.75800000
3046       549918.82100000
3047       550609.51800000
3048       551300.84900000
3049       551992.81500000
3050       552685.41600000
3051       553378.65200000
3052       554072.52400000
3053       554767.03100000
3054       555462.17400000
3055       556157.95400000
3056       556854.37100000
3057       557551.42400000
3058       558249.11500000
3059       558947.44300000
3060       559646.41000000
3061       560346.01400000
3062       561046.25600000
3063       561747.13800000
3064       562448.65800000
3065       563150.81700000
3066       563853.61700000
3067       564557.05500000
3068       565261.13400000
3069       565965.85400000
3070       566671.21400000
3071       567377.21500000
3072       568083.85700000
3073       568791.14100000
3074       569499.06700000
3075       570207.63500000
3076       570916.84500000
3077       571626.69800000
3078       572337.19400000
3079       573048.33300000
3080       573760.11600000
3081       574472.54200000
3082       575185.61300000
3083       575899.32800000
3084       576613.68800000
3085       577328.69200000
3086       578044.34200000
3087       578760.63800000
3088       579477.57900000
3089       580195.16600000
3090       580913.40000000
3091       581632.28000000
3092       582351.80800000
3093       583071.98200000
3094       583792.80400000
3095       584514.27400000
3096       585236.39200000
3097       585959.15800000
3098       586682.57300000
3099       587406.63700000
3100       588131.35000000
3101       588856.71200000
3102       589582.72400000
3103       590309.38600000
3104       591036.69900000
3105       591764.66200000
3106       592493.27600000
3107       593222.54100000
3108       593952.45700000
3109       594683.02500000
3110       595414.24600000
3111       596146.11800000
3112       596878.64300000
3113       597611.82100000
3114       598345.65200000
3115       599080.13600000
3116       599815.27400000
3117       600551.06600000
3118       601287.51200000
3119       602024.61200000
3120       602762.36800000
3121       603500.77800000
3122       604239.84400000
3123       604979.56500000
3124       605719.94200000
3125       606460.97600000
3126       607202.66500000
3127       607945.01200000
3128       608688.01500000
3129       609431.67600000
3130       610175.99400000
3131       610920.97000000
3132       611666.60400000
3133       612412.89600000
3134       613159.84700000
3135       613907.45700000
3136       614655.72600000
3137       615404.65400000
3138       616154.24300000
3139       616904.49100000
3140       617655.39900000
3141       618406.96800000
3142       619159.19800000
3143       619912.08900000
3144       620665.64100000
3145       621419.85500000
3146       622174.73100000
3147       622930.26900000
3148       623686.46900000
3149       624443.33200000
3150       625200.85800000
3151       625959.04800000
3152       626717.90000000
3153       627477.41700000
3154       628237.59800000
3155       628998.44300000
3156       629759.95300000
3157       630522.12700000
3158       631284.96700000
3159       632048.47200000
3160       632812.64300000
3161       633577.48000000
3162       634342.98300000
3163       635109.15200000
3164       635875.98900000
3165       636643.49200000
3166       637411.66300000
3167       638180.50100000
3168       638950.00700000
3169       639720.18100000
3170       640491.02400000
3171       641262.53500000
3172       642034.71500000
3173       642807.56400000
3174       643581.08300000
3175       644355.27200000
3176       645130.13000000
3177       645905.65900000
3178       646681.85800000
3179       647458.72800000
3180       648236.26900000
3181       649014.48100000
3182       649793.36500000
3183       650572.92100000
3184       651353.14900000
3185       652134.04900000
3186       652915.62200000
3187       653697.86700000
3188       654480.78600000
3189       655264.37900000
3190       656048.64500000
3191       656833.58500000
3192       657619.19900000
3193       658405.48700000
3194       659192.45100000
3195       659980.08900000
3196       660768.40300000
3197       661557.39200000
3198       662347.05700000
3199       663137.39800000
3200       663928.41600000
3201       664720.11000000
3202       665512.48000000
3203       666305.52800000
3204       667099.25400000
3205       667893.65600000
3206       668688.73700000
3207       669484.49600000
3208       670280.93300000
3209       671078.04900000
3210       671875.84400000
3211       672674.31800000
3212       673473.47200000
3213       674273.30500000
3214       675073.81800000
3215       675875.01200000
3216       676676.88600000
3217       677479.44000000
3218       678282.67600000
3219       679086.59300000
3220       679891.19100000
3221       680696.47200000
3222       681502.43400000
3223       682309.07800000
3224       683116.40500000
3225       683924.41500000
3226       684733.10800000
3227       685542.48400000
3228       686352.54400000
3229       687163.28800000
3230       687974.71500000
3231       688786.82700000
3232       689599.62400000
3233       690413.10500000
3234       691227.27200000
3235       692042.12400000
3236       692857.66100000
3237       693673.88500000
3238       694490.79400000
3239       695308.39000000
3240       696126.67300000
3241       696945.64200000
3242       697765.29800000
3243       698585.64200000
3244       699406.67400000
3245       700228.39300000
3246       701050.80100000
3247       701873.89700000
3248       702697.68200000
3249       703522.15500000
3250       704347.31800000
3251       705173.17000000
3252       705999.71200000
3253       706826.94300000
3254       707654.86500000
3255       708483.47700000
3256       709312.78000000
3257       710142.77400000
3258       710973.45900000
3259       711804.83600000
3260       712636.90400000
3261       713469.66400000
3262       714303.11600000
3263       715137.26000000
3264       715972.09800000
3265       716807.62800000
3266       717643.85100000
3267       718480.76800000
3268       719318.37800000
3269       720156.68200000
3270       720995.68100000
3271       721835.37300000
3272       722675.76100000
3273       723516.84300000
3274       724358.62000000
3275       725201.09300000
3276       726044.26200000
3277       726888.12600000
3278       727732.68700000
3279       728577.94300000
3280       729423.89700000
3281       730270.54700000
3282       731117.89400000
3283       731965.93900000
3284       732814.68200000
3285       733664.12200000
3286       734514.26000000
3287       735365.09700000
3288       736216.63200000
3289       737068.86600000
3290       737921.79900000
3291       738775.43100000
3292       739629.76300000
3293       740484.79500000
3294       741340.52600000
3295       742196.95800000
3296       743054.09100000
3297       743911.92400000
3298       744770.45800000
3299       745629.69400000
3300       746489.63100000
3301       747350.27000000
3302       748211.61000000
3303       749073.65300000
3304       749936.39800000
3305       750799.84600000
3306       751663.99700000
3307       752528.85100000
3308       753394.40900000
3309       754260.67000000
3310       755127.63500000
3311       755995.30400000
3312       756863.67800000
3313       757732.75600000
3314       758602.53900000
3315       759473.02700000
3316       760344.22000000
3317       761216.11900000
3318       762088.72400000
3319       762962.03500000
3320       763836.05200000
3321       764710.77500000
3322       765586.20500000
3323       766462.34300000
3324       767339.18700000
3325       768216.73900000
3326       769094.99800000
3327       769973.96600000
3328       770853.64200000
3329       771734.02600000
3330       772615.11800000
3331       773496.92000000
3332       774379.43000000
3333       775262.65000000
3334       776146.58000000
3335       777031.21900000
3336       777916.56900000
3337       778802.62800000
3338       779689.39800000
3339       780576.87900000
3340       781465.07100000
3341       782353.97400000
3342       783243.58800000
3343       784133.91400000
3344       785024.95200000
3345       785916.70300000
3346       786809.16500000
3347       787702.34000000
3348       788596.22800000
3349       789490.82900000
3350       790386.14300000
3351       791282.17100000
3352       792178.91200000
3353       793076.36800000
3354       793974.53700000
3355       794873.42200000
3356       795773.02000000
3357       796673.33400000
3358       797574.36300000
3359       798476.10700000
3360       799378.56600000
3361       800281.74200000
3362       801185.63300000
3363       802090.24100000
3364       802995.56600000
3365       803901.60700000
3366       804808.36400000
3367       805715.84000000
3368       806624.03200000
3369       807532.94200000
3370       808442.57000000
3371       809352.91600000
3372       810263.98100000
3373       811175.76300000
3374       812088.26500000
3375       813001.48600000
3376       813915.42600000
3377       814830.08500000
3378       815745.46400000
3379       816661.56300000
3380       817578.38100000
3381       818495.92100000
3382       819414.18000000
3383       820333.16100000
3384       821252.86300000
3385       822173.28500000
3386       823094.42900000
3387       824016.29500000
3388       824938.88300000
3389       825862.19300000
3390       826786.22500000
3391       827710.98000000
3392       828636.45700000
3393       829562.65800000
3394       830489.58200000
3395       831417.22900000
3396       832345.60000000
3397       833274.69500000
3398       834204.51300000
3399       835135.05600000
3400       836066.32400000
3401       836998.31700000
3402       837931.03400000
3403       838864.47700000
3404       839798.64500000
3405       840733.53800000
3406       841669.15800000
3407       842605.50300000
3408       843542.57500000
3409       844480.37400000
3410       845418.89900000
3411       846358.15100000
3412       847298.13000000
3413       848238.83700000
3414       849180.27100000
3415       850122.43300000
3416       851065.32300000
3417       852008.94100000
3418       852953.28800000
3419       853898.36300000
3420       854844.16800000
3421       855790.70100000
3422       856737.96400000
3423       857685.95600000
3424       858634.67800000
3425       859584.13000000
3426       860534.31200000
3427       861485.22500000
3428       862436.86800000
3429       863389.24200000
3430       864342.34700000
3431       865296.18300000
3432       866250.75100000
3433       867206.05000000
3434       868162.08100000
3435       869118.84400000
3436       870076.34000000
3437       871034.56800000
3438       871993.52900000
3439       872953.22300000
3440       873913.65000000
3441       874874.81000000
3442       875836.70400000
3443       876799.33100000
3444       877762.69300000
3445       878726.78900000
3446       879691.61900000
3447       880657.18400000
3448       881623.48400000
3449       882590.51800000
3450       883558.28800000
3451       884526.79400000
3452       885496.03500000
3453       886466.01200000
3454       887436.72500000
3455       888408.17400000
3456       889380.36000000
3457       890353.28200000
3458       891326.94200000
3459       892301.33800000
3460       893276.47200000
3461       894252.34300000
3462       895228.95200000
3463       896206.29900000
3464       897184.38400000
3465       898163.20800000
3466       899142.77000000
3467       900123.07100000
3468       901104.11000000
3469       902085.88900000
3470       903068.40800000
3471       904051.66500000
3472       905035.66300000
3473       906020.40100000
3474       907005.87800000
3475       907992.09700000
3476       908979.05500000
3477       909966.75500000
3478       910955.19500000
3479       911944.37700000
3480       912934.30000000
3481       913924.96500000
3482       914916.37100000
3483       915908.52000000
3484       916901.41100000
3485       917895.04400000
3486       918889.41900000
3487       919884.53800000
3488       920880.40000000
3489       921877.00400000
3490       922874.35200000
3491       923872.44400000
3492       924871.28000000
3493       925870.85900000
3494       926871.18300000
3495       927872.25100000
3496       928874.06400000
3497       929876.62100000
3498       930879.92400000
3499       931883.97100000
3500       932888.76400000
