   1           26.51606000
   2           48.28523000
   3           70.23397000
   4           92.22364000
   5          114.22912000
   6          136.24240000
   7          158.26008000
   8          180.28052000
   9          202.30280000
  10          224.32639000
  11          246.35093000
  12          268.37621000
  13          290.40205000
  14          312.42836000
  15          334.45505000
  16          356.48206000
  17          378.50933000
  18          400.53684000
  19          422.56456000
  20          444.59246000
  21          466.62052000
  22          488.64874000
  23          510.67709000
  24          532.70556000
  25          554.73415000
  26          576.76286000
  27          598.79167000
  28          620.82057000
  29          642.84957000
  30          664.87866000
  31          686.90783000
  32          708.93709000
  33          730.96643000
  34          752.99585000
  35          775.02534000
  36          797.05490000
  37          819.08454000
  38          841.11425000
  39          863.14403000
  40          885.17388000
  41          907.20380000
  42          929.23378000
  43          951.26383000
  44          973.29394000
  45          995.32412000
  46         1017.35436000
  47         1039.38466000
  48         1061.41503000
  49         1083.44546000
  50         1105.47595000
  51         1127.50650000
  52         1149.53712000
  53         1171.56781000
  54         1193.59856000
  55         1215.62937000
  56         1237.66026000
  57         1259.69122000
  58         1281.72225000
  59         1303.75337000
  60         1325.78457000
  61         1347.81585000
  62         1369.84724000
  63         1391.87873000
  64         1413.91034000
  65         1435.94208000
  66         1457.97396000
  67         1480.00600000
  68         1502.03822000
  69         1524.07063000
  70         1546.10326000
  71         1568.13613000
  72         1590.16929000
  73         1612.20275000
  74         1634.23655000
  75         1656.27074000
  76         1678.30536000
  77         1700.34045000
  78         1722.37608000
  79         1744.41230000
  80         1766.44918000
  81         1788.48677000
  82         1810.52517000
  83         1832.56444000
  84         1854.60468000
  85         1876.64597000
  86         1898.68843000
  87         1920.73215000
  88         1942.77724000
  89         1964.82384000
  90         1986.87206000
  91         2008.92203000
  92         2030.97392000
  93         2053.02785000
  94         2075.08400000
  95         2097.14253000
  96         2119.20360000
  97         2141.26742000
  98         2163.33415000
  99         2185.40402000
 100         2207.47721000
 101         2229.55396000
 102         2251.63447000
 103         2273.71899000
 104         2295.80776000
 105         2317.90103000
 106         2339.99905000
 107         2362.10209000
 108         2384.21042000
 109         2406.32434000
 110         2428.44412000
 111         2450.57008000
 112         2472.70252000
 113         2494.84175000
 114         2516.98809000
 115         2539.14189000
 116         2561.30348000
 117         2583.47320000
 118         2605.65141000
 119         2627.83848000
 120         2650.03476000
 121         2672.24065000
 122         2694.45651000
 123         2716.68274000
 124         2738.91974000
 125         2761.16791000
 126         2783.42766000
 127         2805.69940000
 128         2827.98355000
 129         2850.28055000
 130         2872.59082000
 131         2894.91480000
 132         2917.25293000
 133         2939.60567000
 134         2961.97347000
 135         2984.35678000
 136         3006.75607000
 137         3029.17180000
 138         3051.60445000
 139         3074.05448000
 140         3096.52239000
 141         3119.00865000
 142         3141.51375000
 143         3164.03818000
 144         3186.58242000
 145         3209.14699000
 146         3231.73237000
 147         3254.33907000
 148         3276.96759000
 149         3299.61844000
 150         3322.29213000
 151         3344.98916000
 152         3367.71005000
 153         3390.45532000
 154         3413.22548000
 155         3436.02105000
 156         3458.84255000
 157         3481.69050000
 158         3504.56541000
 159         3527.46782000
 160         3550.39824000
 161         3573.35721000
 162         3596.34523000
 163         3619.36285000
 164         3642.41059000
 165         3665.48896000
 166         3688.59851000
 167         3711.73974000
 168         3734.91320000
 169         3758.11941000
 170         3781.35889000
 171         3804.63216000
 172         3827.93977000
 173         3851.28222000
 174         3874.66004000
 175         3898.07377000
 176         3921.52391000
 177         3945.01100000
 178         3968.53555000
 179         3992.09809000
 180         4015.69914000
 181         4039.33921000
 182         4063.01882000
 183         4086.73849000
 184         4110.49874000
 185         4134.30008000
 186         4158.14302000
 187         4182.02808000
 188         4205.95577000
 189         4229.92658000
 190         4253.94104000
 191         4277.99965000
 192         4302.10292000
 193         4326.25134000
 194         4350.44542000
 195         4374.68566000
 196         4398.97255000
 197         4423.30660000
 198         4447.68831000
 199         4472.11815000
 200         4496.59663000
 201         4521.12424000
 202         4545.70146000
 203         4570.32878000
 204         4595.00669000
 205         4619.73567000
 206         4644.51620000
 207         4669.34876000
 208         4694.23383000
 209         4719.17188000
 210         4744.16340000
 211         4769.20884000
 212         4794.30869000
 213         4819.46341000
 214         4844.67346000
 215         4869.93932000
 216         4895.26145000
 217         4920.64031000
 218         4946.07635000
 219         4971.57004000
 220         4997.12184000
 221         5022.73219000
 222         5048.40155000
 223         5074.13037000
 224         5099.91910000
 225         5125.76819000
 226         5151.67808000
 227         5177.64922000
 228         5203.68204000
 229         5229.77700000
 230         5255.93452000
 231         5282.15504000
 232         5308.43900000
 233         5334.78684000
 234         5361.19898000
 235         5387.67585000
 236         5414.21788000
 237         5440.82551000
 238         5467.49915000
 239         5494.23922000
 240         5521.04616000
 241         5547.92038000
 242         5574.86229000
 243         5601.87233000
 244         5628.95089000
 245         5656.09840000
 246         5683.31527000
 247         5710.60191000
 248         5737.95872000
 249         5765.38613000
 250         5792.88453000
 251         5820.45433000
 252         5848.09593000
 253         5875.80974000
 254         5903.59616000
 255         5931.45558000
 256         5959.38841000
 257         5987.39504000
 258         6015.47587000
 259         6043.63130000
 260         6071.86170000
 261         6100.16749000
 262         6128.54905000
 263         6157.00676000
 264         6185.54102000
 265         6214.15221000
 266         6242.84072000
 267         6271.60694000
 268         6300.45124000
 269         6329.37401000
 270         6358.37563000
 271         6387.45649000
 272         6416.61695000
 273         6445.85740000
 274         6475.17822000
 275         6504.57978000
 276         6534.06246000
 277         6563.62662000
 278         6593.27265000
 279         6623.00092000
 280         6652.81179000
 281         6682.70564000
 282         6712.68283000
 283         6742.74374000
 284         6772.88873000
 285         6803.11817000
 286         6833.43242000
 287         6863.83185000
 288         6894.31682000
 289         6924.88770000
 290         6955.54484000
 291         6986.28862000
 292         7017.11938000
 293         7048.03750000
 294         7079.04333000
 295         7110.13723000
 296         7141.31955000
 297         7172.59066000
 298         7203.95091000
 299         7235.40066000
 300         7266.94026000
 301         7298.57006000
 302         7330.29043000
 303         7362.10171000
 304         7394.00426000
 305         7425.99842000
 306         7458.08456000
 307         7490.26302000
 308         7522.53415000
 309         7554.89831000
 310         7587.35584000
 311         7619.90708000
 312         7652.55240000
 313         7685.29214000
 314         7718.12664000
 315         7751.05625000
 316         7784.08133000
 317         7817.20220000
 318         7850.41923000
 319         7883.73276000
 320         7917.14313000
 321         7950.65068000
 322         7984.25576000
 323         8017.95872000
 324         8051.75990000
 325         8085.65964000
 326         8119.65828000
 327         8153.75616000
 328         8187.95364000
 329         8222.25105000
 330         8256.64872000
 331         8291.14702000
 332         8325.74626000
 333         8360.44681000
 334         8395.24898000
 335         8430.15314000
 336         8465.15961000
 337         8500.26874000
 338         8535.48086000
 339         8570.79632000
 340         8606.21545000
 341         8641.73860000
 342         8677.36610000
 343         8713.09830000
 344         8748.93552000
 345         8784.87811000
 346         8820.92641000
 347         8857.08075000
 348         8893.34148000
 349         8929.70893000
 350         8966.18344000
 351         9002.76535000
 352         9039.45499000
 353         9076.25270000
 354         9113.15882000
 355         9150.17369000
 356         9187.29765000
 357         9224.53102000
 358         9261.87416000
 359         9299.32739000
 360         9336.89106000
 361         9374.56550000
 362         9412.35105000
 363         9450.24804000
 364         9488.25682000
 365         9526.37772000
 366         9564.61108000
 367         9602.95723000
 368         9641.41651000
 369         9679.98926000
 370         9718.67583000
 371         9757.47653000
 372         9796.39172000
 373         9835.42173000
 374         9874.56689000
 375         9913.82755000
 376         9953.20405000
 377         9992.69672000
 378        10032.30590000
 379        10072.03190000
 380        10111.87510000
 381        10151.83590000
 382        10191.91450000
 383        10232.11120000
 384        10272.42660000
 385        10312.86080000
 386        10353.41420000
 387        10394.08720000
 388        10434.88010000
 389        10475.79320000
 390        10516.82690000
 391        10557.98150000
 392        10599.25740000
 393        10640.65490000
 394        10682.17430000
 395        10723.81600000
 396        10765.58020000
 397        10807.46750000
 398        10849.47810000
 399        10891.61220000
 400        10933.87040000
 401        10976.25290000
 402        11018.76010000
 403        11061.39230000
 404        11104.14980000
 405        11147.03300000
 406        11190.04230000
 407        11233.17790000
 408        11276.44030000
 409        11319.82970000
 410        11363.34650000
 411        11406.99110000
 412        11450.76380000
 413        11494.66490000
 414        11538.69490000
 415        11582.85390000
 416        11627.14250000
 417        11671.56090000
 418        11716.10940000
 419        11760.78850000
 420        11805.59840000
 421        11850.53950000
 422        11895.61230000
 423        11940.81690000
 424        11986.15370000
 425        12031.62320000
 426        12077.22570000
 427        12122.96140000
 428        12168.83080000
 429        12214.83420000
 430        12260.97190000
 431        12307.24440000
 432        12353.65190000
 433        12400.19480000
 434        12446.87340000
 435        12493.68820000
 436        12540.63940000
 437        12587.72750000
 438        12634.95270000
 439        12682.31540000
 440        12729.81600000
 441        12777.45480000
 442        12825.23230000
 443        12873.14860000
 444        12921.20420000
 445        12969.39950000
 446        13017.73480000
 447        13066.21040000
 448        13114.82680000
 449        13163.58420000
 450        13212.48310000
 451        13261.52370000
 452        13310.70650000
 453        13360.03180000
 454        13409.50000000
 455        13459.11130000
 456        13508.86630000
 457        13558.76520000
 458        13608.80840000
 459        13658.99630000
 460        13709.32920000
 461        13759.80750000
 462        13810.43160000
 463        13861.20170000
 464        13912.11840000
 465        13963.18190000
 466        14014.39260000
 467        14065.75080000
 468        14117.25700000
 469        14168.91150000
 470        14220.71470000
 471        14272.66690000
 472        14324.76850000
 473        14377.01980000
 474        14429.42140000
 475        14481.97340000
 476        14534.67630000
 477        14587.53040000
 478        14640.53610000
 479        14693.69380000
 480        14747.00390000
 481        14800.46670000
 482        14854.08260000
 483        14907.85200000
 484        14961.77520000
 485        15015.85260000
 486        15070.08460000
 487        15124.47160000
 488        15179.01390000
 489        15233.71190000
 490        15288.56600000
 491        15343.57660000
 492        15398.74400000
 493        15454.06860000
 494        15509.55080000
 495        15565.19100000
 496        15620.98960000
 497        15676.94680000
 498        15733.06320000
 499        15789.33910000
 500        15845.77480000
 501        15902.37080000
 502        15959.12740000
 503        16016.04510000
 504        16073.12410000
 505        16130.36490000
 506        16187.76790000
 507        16245.33340000
 508        16303.06180000
 509        16360.95360000
 510        16419.00910000
 511        16477.22860000
 512        16535.61270000
 513        16594.16160000
 514        16652.87570000
 515        16711.75550000
 516        16770.80140000
 517        16830.01360000
 518        16889.39260000
 519        16948.93890000
 520        17008.65270000
 521        17068.53460000
 522        17128.58480000
 523        17188.80370000
 524        17249.19180000
 525        17309.74950000
 526        17370.47710000
 527        17431.37510000
 528        17492.44380000
 529        17553.68370000
 530        17615.09500000
 531        17676.67830000
 532        17738.43400000
 533        17800.36230000
 534        17862.46380000
 535        17924.73880000
 536        17987.18770000
 537        18049.81100000
 538        18112.60890000
 539        18175.58200000
 540        18238.73070000
 541        18302.05520000
 542        18365.55610000
 543        18429.23370000
 544        18493.08850000
 545        18557.12080000
 546        18621.33110000
 547        18685.71980000
 548        18750.28720000
 549        18815.03380000
 550        18879.95990000
 551        18945.06610000
 552        19010.35260000
 553        19075.82000000
 554        19141.46860000
 555        19207.29880000
 556        19273.31110000
 557        19339.50580000
 558        19405.88340000
 559        19472.44430000
 560        19539.18890000
 561        19606.11760000
 562        19673.23080000
 563        19740.52890000
 564        19808.01240000
 565        19875.68170000
 566        19943.53720000
 567        20011.57930000
 568        20079.80840000
 569        20148.22490000
 570        20216.82940000
 571        20285.62210000
 572        20354.60350000
 573        20423.77410000
 574        20493.13420000
 575        20562.68430000
 576        20632.42480000
 577        20702.35610000
 578        20772.47870000
 579        20842.79290000
 580        20913.29930000
 581        20983.99820000
 582        21054.89000000
 583        21125.97520000
 584        21197.25420000
 585        21268.72750000
 586        21340.39540000
 587        21412.25850000
 588        21484.31700000
 589        21556.57160000
 590        21629.02250000
 591        21701.67030000
 592        21774.51530000
 593        21847.55800000
 594        21920.79890000
 595        21994.23830000
 596        22067.87670000
 597        22141.71460000
 598        22215.75230000
 599        22289.99040000
 600        22364.42920000
 601        22439.06920000
 602        22513.91080000
 603        22588.95450000
 604        22664.20080000
 605        22739.64990000
 606        22815.30250000
 607        22891.15890000
 608        22967.21960000
 609        23043.48510000
 610        23119.95570000
 611        23196.63190000
 612        23273.51420000
 613        23350.60300000
 614        23427.89880000
 615        23505.40190000
 616        23583.11300000
 617        23661.03230000
 618        23739.16040000
 619        23817.49770000
 620        23896.04470000
 621        23974.80180000
 622        24053.76940000
 623        24132.94810000
 624        24212.33820000
 625        24291.94020000
 626        24371.75470000
 627        24451.78200000
 628        24532.02250000
 629        24612.47680000
 630        24693.14540000
 631        24774.02860000
 632        24855.12690000
 633        24936.44080000
 634        25017.97080000
 635        25099.71730000
 636        25181.68070000
 637        25263.86160000
 638        25346.26040000
 639        25428.87750000
 640        25511.71350000
 641        25594.76870000
 642        25678.04380000
 643        25761.53900000
 644        25845.25490000
 645        25929.19200000
 646        26013.35070000
 647        26097.73150000
 648        26182.33490000
 649        26267.16130000
 650        26352.21130000
 651        26437.48520000
 652        26522.98350000
 653        26608.70680000
 654        26694.65550000
 655        26780.83010000
 656        26867.23100000
 657        26953.85880000
 658        27040.71380000
 659        27127.79670000
 660        27215.10770000
 661        27302.64760000
 662        27390.41660000
 663        27478.41540000
 664        27566.64430000
 665        27655.10390000
 666        27743.79460000
 667        27832.71700000
 668        27921.87140000
 669        28011.25850000
 670        28100.87860000
 671        28190.73230000
 672        28280.82010000
 673        28371.14240000
 674        28461.69970000
 675        28552.49250000
 676        28643.52140000
 677        28734.78670000
 678        28826.28900000
 679        28918.02880000
 680        29010.00650000
 681        29102.22270000
 682        29194.67790000
 683        29287.37250000
 684        29380.30700000
 685        29473.48200000
 686        29566.89790000
 687        29660.55530000
 688        29754.45450000
 689        29848.59620000
 690        29942.98090000
 691        30037.60890000
 692        30132.48090000
 693        30227.59720000
 694        30322.95860000
 695        30418.56530000
 696        30514.41800000
 697        30610.51710000
 698        30706.86310000
 699        30803.45660000
 700        30900.29810000
 701        30997.38800000
 702        31094.72680000
 703        31192.31520000
 704        31290.15350000
 705        31388.24230000
 706        31486.58210000
 707        31585.17340000
 708        31684.01680000
 709        31783.11270000
 710        31882.46160000
 711        31982.06410000
 712        32081.92070000
 713        32182.03180000
 714        32282.39810000
 715        32383.02000000
 716        32483.89800000
 717        32585.03270000
 718        32686.42460000
 719        32788.07420000
 720        32889.98200000
 721        32992.14850000
 722        33094.57430000
 723        33197.25990000
 724        33300.20580000
 725        33403.41250000
 726        33506.88060000
 727        33610.61060000
 728        33714.60290000
 729        33818.85820000
 730        33923.37700000
 731        34028.15970000
 732        34133.20700000
 733        34238.51930000
 734        34344.09720000
 735        34449.94120000
 736        34556.05190000
 737        34662.42970000
 738        34769.07520000
 739        34875.98900000
 740        34983.17150000
 741        35090.62330000
 742        35198.34500000
 743        35306.33710000
 744        35414.60010000
 745        35523.13460000
 746        35631.94110000
 747        35741.02010000
 748        35850.37210000
 749        35959.99790000
 750        36069.89770000
 751        36180.07230000
 752        36290.52210000
 753        36401.24770000
 754        36512.24970000
 755        36623.52860000
 756        36735.08480000
 757        36846.91910000
 758        36959.03190000
 759        37071.42370000
 760        37184.09520000
 761        37297.04690000
 762        37410.27930000
 763        37523.79290000
 764        37637.58840000
 765        37751.66630000
 766        37866.02720000
 767        37980.67150000
 768        38095.59980000
 769        38210.81280000
 770        38326.31100000
 771        38442.09480000
 772        38558.16490000
 773        38674.52190000
 774        38791.16630000
 775        38908.09860000
 776        39025.31950000
 777        39142.82940000
 778        39260.62900000
 779        39378.71880000
 780        39497.09930000
 781        39615.77120000
 782        39734.73510000
 783        39853.99130000
 784        39973.54070000
 785        40093.38360000
 786        40213.52070000
 787        40333.95260000
 788        40454.67970000
 789        40575.70280000
 790        40697.02230000
 791        40818.63890000
 792        40940.55300000
 793        41062.76540000
 794        41185.27650000
 795        41308.08700000
 796        41431.19730000
 797        41554.60820000
 798        41678.32010000
 799        41802.33360000
 800        41926.64940000
 801        42051.26800000
 802        42176.19000000
 803        42301.41590000
 804        42426.94640000
 805        42552.78210000
 806        42678.92340000
 807        42805.37110000
 808        42932.12560000
 809        43059.18770000
 810        43186.55780000
 811        43314.23650000
 812        43442.22450000
 813        43570.52240000
 814        43699.13060000
 815        43828.04990000
 816        43957.28080000
 817        44086.82390000
 818        44216.67970000
 819        44346.84900000
 820        44477.33230000
 821        44608.13010000
 822        44739.24310000
 823        44870.67190000
 824        45002.41710000
 825        45134.47920000
 826        45266.85890000
 827        45399.55680000
 828        45532.57350000
 829        45665.90950000
 830        45799.56550000
 831        45933.54210000
 832        46067.83990000
 833        46202.45950000
 834        46337.40150000
 835        46472.66650000
 836        46608.25510000
 837        46744.16790000
 838        46880.40560000
 839        47016.96870000
 840        47153.85790000
 841        47291.07380000
 842        47428.61690000
 843        47566.48790000
 844        47704.68740000
 845        47843.21610000
 846        47982.07450000
 847        48121.26320000
 848        48260.78290000
 849        48400.63420000
 850        48540.81780000
 851        48681.33410000
 852        48822.18390000
 853        48963.36780000
 854        49104.88640000
 855        49246.74020000
 856        49388.93010000
 857        49531.45640000
 858        49674.32000000
 859        49817.52140000
 860        49961.06130000
 861        50104.94020000
 862        50249.15880000
 863        50393.71770000
 864        50538.61770000
 865        50683.85910000
 866        50829.44290000
 867        50975.36940000
 868        51121.63950000
 869        51268.25370000
 870        51415.21260000
 871        51562.51700000
 872        51710.16730000
 873        51858.16440000
 874        52006.50870000
 875        52155.20100000
 876        52304.24190000
 877        52453.63200000
 878        52603.37200000
 879        52753.46240000
 880        52903.90410000
 881        53054.69750000
 882        53205.84340000
 883        53357.34230000
 884        53509.19500000
 885        53661.40210000
 886        53813.96420000
 887        53966.88200000
 888        54120.15610000
 889        54273.78720000
 890        54427.77590000
 891        54582.12290000
 892        54736.82890000
 893        54891.89440000
 894        55047.32020000
 895        55203.10680000
 896        55359.25500000
 897        55515.76550000
 898        55672.63880000
 899        55829.87560000
 900        55987.47660000
 901        56145.44250000
 902        56303.77390000
 903        56462.47140000
 904        56621.53580000
 905        56780.96770000
 906        56940.76770000
 907        57100.93660000
 908        57261.47500000
 909        57422.38350000
 910        57583.66290000
 911        57745.31370000
 912        57907.33670000
 913        58069.73260000
 914        58232.50200000
 915        58395.64550000
 916        58559.16390000
 917        58723.05790000
 918        58887.32800000
 919        59051.97500000
 920        59216.99960000
 921        59382.40240000
 922        59548.18410000
 923        59714.34530000
 924        59880.88690000
 925        60047.80940000
 926        60215.11350000
 927        60382.80000000
 928        60550.86940000
 929        60719.32250000
 930        60888.15990000
 931        61057.38250000
 932        61226.99070000
 933        61396.98540000
 934        61567.36710000
 935        61738.13670000
 936        61909.29480000
 937        62080.84200000
 938        62252.77910000
 939        62425.10670000
 940        62597.82560000
 941        62770.93650000
 942        62944.44000000
 943        63118.33680000
 944        63292.62770000
 945        63467.31330000
 946        63642.39430000
 947        63817.87140000
 948        63993.74540000
 949        64170.01690000
 950        64346.68660000
 951        64523.75530000
 952        64701.22360000
 953        64879.09220000
 954        65057.36190000
 955        65236.03330000
 956        65415.10720000
 957        65594.58430000
 958        65774.46520000
 959        65954.75070000
 960        66135.44150000
 961        66316.53830000
 962        66498.04180000
 963        66679.95270000
 964        66862.27170000
 965        67044.99970000
 966        67228.13720000
 967        67411.68490000
 968        67595.64370000
 969        67780.01420000
 970        67964.79710000
 971        68149.99320000
 972        68335.60320000
 973        68521.62780000
 974        68708.06770000
 975        68894.92360000
 976        69082.19630000
 977        69269.88650000
 978        69457.99490000
 979        69646.52230000
 980        69835.46930000
 981        70024.83670000
 982        70214.62530000
 983        70404.83570000
 984        70595.46870000
 985        70786.52500000
 986        70978.00540000
 987        71169.91060000
 988        71362.24130000
 989        71554.99820000
 990        71748.18210000
 991        71941.79380000
 992        72135.83400000
 993        72330.30330000
 994        72525.20260000
 995        72720.53260000
 996        72916.29400000
 997        73112.48750000
 998        73309.11400000
 999        73506.17410000
1000        73703.66870000
1001        73901.59840000
1002        74099.96390000
1003        74298.76610000
1004        74498.00570000
1005        74697.68350000
1006        74897.80010000
1007        75098.35640000
1008        75299.35300000
1009        75500.79080000
1010        75702.67050000
1011        75904.99290000
1012        76107.75860000
1013        76310.96860000
1014        76514.62340000
1015        76718.72390000
1016        76923.27090000
1017        77128.26500000
1018        77333.70710000
1019        77539.59790000
1020        77745.93820000
1021        77952.72880000
1022        78159.97030000
1023        78367.66370000
1024        78575.80950000
1025        78784.40870000
1026        78993.46200000
1027        79202.97010000
1028        79412.93380000
1029        79623.35380000
1030        79834.23110000
1031        80045.56630000
1032        80257.36010000
1033        80469.61350000
1034        80682.32710000
1035        80895.50170000
1036        81109.13810000
1037        81323.23710000
1038        81537.79940000
1039        81752.82590000
1040        81968.31730000
1041        82184.27440000
1042        82400.69800000
1043        82617.58890000
1044        82834.94780000
1045        83052.77550000
1046        83271.07290000
1047        83489.84060000
1048        83709.07960000
1049        83928.79050000
1050        84148.97420000
1051        84369.63140000
1052        84590.76300000
1053        84812.36980000
1054        85034.45250000
1055        85257.01190000
1056        85480.04880000
1057        85703.56410000
1058        85927.55850000
1059        86152.03280000
1060        86376.98780000
1061        86602.42430000
1062        86828.34310000
1063        87054.74510000
1064        87281.63100000
1065        87509.00160000
1066        87736.85770000
1067        87965.20010000
1068        88194.02970000
1069        88423.34720000
1070        88653.15340000
1071        88883.44930000
1072        89114.23540000
1073        89345.51280000
1074        89577.28210000
1075        89809.54430000
1076        90042.30000000
1077        90275.55020000
1078        90509.29560000
1079        90743.53710000
1080        90978.27550000
1081        91213.51150000
1082        91449.24610000
1083        91685.48000000
1084        91922.21400000
1085        92159.44900000
1086        92397.18580000
1087        92635.42520000
1088        92874.16810000
1089        93113.41520000
1090        93353.16740000
1091        93593.42560000
1092        93834.19050000
1093        94075.46290000
1094        94317.24380000
1095        94559.53390000
1096        94802.33410000
1097        95045.64510000
1098        95289.46790000
1099        95533.80330000
1100        95778.65210000
1101        96024.01510000
1102        96269.89320000
1103        96516.28720000
1104        96763.19790000
1105        97010.62630000
1106        97258.57300000
1107        97507.03910000
1108        97756.02530000
1109        98005.53240000
1110        98255.56130000
1111        98506.11290000
1112        98757.18800000
1113        99008.78750000
1114        99260.91210000
1115        99513.56280000
1116        99766.74030000
1117       100020.44600000
1118       100274.68000000
1119       100529.44300000
1120       100784.73700000
1121       101040.56100000
1122       101296.91800000
1123       101553.80800000
1124       101811.23100000
1125       102069.18900000
1126       102327.68300000
1127       102586.71300000
1128       102846.28000000
1129       103106.38500000
1130       103367.02800000
1131       103628.21200000
1132       103889.93600000
1133       104152.20200000
1134       104415.01000000
1135       104678.36200000
1136       104942.25700000
1137       105206.69700000
1138       105471.68400000
1139       105737.21700000
1140       106003.29700000
1141       106269.92600000
1142       106537.10400000
1143       106804.83300000
1144       107073.11200000
1145       107341.94400000
1146       107611.32800000
1147       107881.26700000
1148       108151.75900000
1149       108422.80700000
1150       108694.41200000
1151       108966.57400000
1152       109239.29400000
1153       109512.57300000
1154       109786.41100000
1155       110060.81100000
1156       110335.77200000
1157       110611.29600000
1158       110887.38400000
1159       111164.03500000
1160       111441.25200000
1161       111719.03500000
1162       111997.38500000
1163       112276.30300000
1164       112555.79000000
1165       112835.84700000
1166       113116.47400000
1167       113397.67200000
1168       113679.44300000
1169       113961.78800000
1170       114244.70600000
1171       114528.20000000
1172       114812.27000000
1173       115096.91600000
1174       115382.14100000
1175       115667.94400000
1176       115954.32700000
1177       116241.29000000
1178       116528.83500000
1179       116816.96200000
1180       117105.67300000
1181       117394.96700000
1182       117684.84700000
1183       117975.31300000
1184       118266.36600000
1185       118558.00600000
1186       118850.23600000
1187       119143.05500000
1188       119436.46400000
1189       119730.46500000
1190       120025.05900000
1191       120320.24600000
1192       120616.02700000
1193       120912.40400000
1194       121209.37600000
1195       121506.94600000
1196       121805.11400000
1197       122103.88000000
1198       122403.24700000
1199       122703.21400000
1200       123003.78300000
1201       123304.95500000
1202       123606.73000000
1203       123909.10900000
1204       124212.09500000
1205       124515.68600000
1206       124819.88500000
1207       125124.69200000
1208       125430.10800000
1209       125736.13500000
1210       126042.77200000
1211       126350.02100000
1212       126657.88400000
1213       126966.36000000
1214       127275.45100000
1215       127585.15800000
1216       127895.48200000
1217       128206.42300000
1218       128517.98300000
1219       128830.16300000
1220       129142.96300000
1221       129456.38500000
1222       129770.42900000
1223       130085.09600000
1224       130400.38800000
1225       130716.30500000
1226       131032.84800000
1227       131350.01900000
1228       131667.81700000
1229       131986.24500000
1230       132305.30300000
1231       132624.99200000
1232       132945.31300000
1233       133266.26700000
1234       133587.85500000
1235       133910.07700000
1236       134232.93600000
1237       134556.43200000
1238       134880.56500000
1239       135205.33700000
1240       135530.74900000
1241       135856.80100000
1242       136183.49600000
1243       136510.83200000
1244       136838.81300000
1245       137167.43800000
1246       137496.70900000
1247       137826.62600000
1248       138157.19100000
1249       138488.40400000
1250       138820.26700000
1251       139152.78100000
1252       139485.94500000
1253       139819.76300000
1254       140154.23300000
1255       140489.35900000
1256       140825.13900000
1257       141161.57600000
1258       141498.67000000
1259       141836.42300000
1260       142174.83500000
1261       142513.90700000
1262       142853.64100000
1263       143194.03700000
1264       143535.09700000
1265       143876.82000000
1266       144219.21000000
1267       144562.26500000
1268       144905.98800000
1269       145250.37900000
1270       145595.43900000
1271       145941.17000000
1272       146287.57200000
1273       146634.64600000
1274       146982.39400000
1275       147330.81600000
1276       147679.91300000
1277       148029.68700000
1278       148380.13800000
1279       148731.26700000
1280       149083.07600000
1281       149435.56500000
1282       149788.73600000
1283       150142.58900000
1284       150497.12500000
1285       150852.34600000
1286       151208.25200000
1287       151564.84500000
1288       151922.12500000
1289       152280.09400000
1290       152638.75300000
1291       152998.10100000
1292       153358.14200000
1293       153718.87500000
1294       154080.30200000
1295       154442.42300000
1296       154805.24000000
1297       155168.75400000
1298       155532.96600000
1299       155897.87600000
1300       156263.48600000
1301       156629.79700000
1302       156996.81000000
1303       157364.52600000
1304       157732.94500000
1305       158102.07000000
1306       158471.90000000
1307       158842.43800000
1308       159213.68400000
1309       159585.63900000
1310       159958.30400000
1311       160331.68000000
1312       160705.76800000
1313       161080.57000000
1314       161456.08600000
1315       161832.31800000
1316       162209.26600000
1317       162586.93100000
1318       162965.31500000
1319       163344.41900000
1320       163724.24300000
1321       164104.78900000
1322       164486.05700000
1323       164868.05000000
1324       165250.76700000
1325       165634.21000000
1326       166018.38000000
1327       166403.27800000
1328       166788.90500000
1329       167175.26300000
1330       167562.35100000
1331       167950.17200000
1332       168338.72600000
1333       168728.01500000
1334       169118.03900000
1335       169508.79900000
1336       169900.29700000
1337       170292.53400000
1338       170685.51100000
1339       171079.22800000
1340       171473.68700000
1341       171868.88900000
1342       172264.83500000
1343       172661.52600000
1344       173058.96400000
1345       173457.14900000
1346       173856.08200000
1347       174255.76400000
1348       174656.19700000
1349       175057.38100000
1350       175459.31800000
1351       175862.00900000
1352       176265.45500000
1353       176669.65600000
1354       177074.61500000
1355       177480.33100000
1356       177886.80700000
1357       178294.04300000
1358       178702.04100000
1359       179110.80000000
1360       179520.32400000
1361       179930.61200000
1362       180341.66600000
1363       180753.48600000
1364       181166.07400000
1365       181579.43200000
1366       181993.55900000
1367       182408.45800000
1368       182824.12900000
1369       183240.57400000
1370       183657.79300000
1371       184075.78700000
1372       184494.55900000
1373       184914.10800000
1374       185334.43600000
1375       185755.54400000
1376       186177.43400000
1377       186600.10500000
1378       187023.56000000
1379       187447.80000000
1380       187872.82500000
1381       188298.63600000
1382       188725.23600000
1383       189152.62500000
1384       189580.80300000
1385       190009.77300000
1386       190439.53500000
1387       190870.09100000
1388       191301.44100000
1389       191733.58700000
1390       192166.52900000
1391       192600.27000000
1392       193034.80900000
1393       193470.14900000
1394       193906.29000000
1395       194343.23400000
1396       194780.98100000
1397       195219.53300000
1398       195658.89000000
1399       196099.05500000
1400       196540.02800000
1401       196981.80900000
1402       197424.40200000
1403       197867.80600000
1404       198312.02200000
1405       198757.05200000
1406       199202.89700000
1407       199649.55900000
1408       200097.03700000
1409       200545.33400000
1410       200994.45000000
1411       201444.38700000
1412       201895.14600000
1413       202346.72800000
1414       202799.13300000
1415       203252.36400000
1416       203706.42200000
1417       204161.30700000
1418       204617.02100000
1419       205073.56400000
1420       205530.93900000
1421       205989.14600000
1422       206448.18600000
1423       206908.06000000
1424       207368.77100000
1425       207830.31800000
1426       208292.70300000
1427       208755.92700000
1428       209219.99100000
1429       209684.89700000
1430       210150.64600000
1431       210617.23800000
1432       211084.67500000
1433       211552.95900000
1434       212022.09000000
1435       212492.06900000
1436       212962.89800000
1437       213434.57800000
1438       213907.10900000
1439       214380.49400000
1440       214854.73400000
1441       215329.82800000
1442       215805.78000000
1443       216282.58900000
1444       216760.25800000
1445       217238.78700000
1446       217718.17700000
1447       218198.43000000
1448       218679.54600000
1449       219161.52800000
1450       219644.37600000
1451       220128.09100000
1452       220612.67500000
1453       221098.12800000
1454       221584.45300000
1455       222071.65000000
1456       222559.72000000
1457       223048.66400000
1458       223538.48400000
1459       224029.18100000
1460       224520.75700000
1461       225013.21100000
1462       225506.54700000
1463       226000.76300000
1464       226495.86300000
1465       226991.84700000
1466       227488.71600000
1467       227986.47200000
1468       228485.11600000
1469       228984.64800000
1470       229485.07100000
1471       229986.38500000
1472       230488.59200000
1473       230991.69200000
1474       231495.68800000
1475       232000.57900000
1476       232506.36800000
1477       233013.05600000
1478       233520.64400000
1479       234029.13300000
1480       234538.52400000
1481       235048.81800000
1482       235560.01800000
1483       236072.12300000
1484       236585.13600000
1485       237099.05700000
1486       237613.88800000
1487       238129.62900000
1488       238646.28300000
1489       239163.85000000
1490       239682.33200000
1491       240201.72900000
1492       240722.04400000
1493       241243.27600000
1494       241765.42900000
1495       242288.50200000
1496       242812.49700000
1497       243337.41500000
1498       243863.25800000
1499       244390.02600000
1500       244917.72100000
1501       245446.34500000
1502       245975.89800000
1503       246506.38100000
1504       247037.79700000
1505       247570.14600000
1506       248103.42900000
1507       248637.64800000
1508       249172.80300000
1509       249708.89700000
1510       250245.93100000
1511       250783.90500000
1512       251322.82000000
1513       251862.68000000
1514       252403.48300000
1515       252945.23200000
1516       253487.92800000
1517       254031.57300000
1518       254576.16700000
1519       255121.71100000
1520       255668.20800000
1521       256215.65800000
1522       256764.06200000
1523       257313.42200000
1524       257863.74000000
1525       258415.01500000
1526       258967.25000000
1527       259520.44600000
1528       260074.60400000
1529       260629.72600000
1530       261185.81200000
1531       261742.86500000
1532       262300.88400000
1533       262859.87200000
1534       263419.83000000
1535       263980.75900000
1536       264542.66000000
1537       265105.53500000
1538       265669.38500000
1539       266234.21100000
1540       266800.01400000
1541       267366.79600000
1542       267934.55900000
1543       268503.30200000
1544       269073.02900000
1545       269643.73900000
1546       270215.43400000
1547       270788.11600000
1548       271361.78600000
1549       271936.44500000
1550       272512.09400000
1551       273088.73500000
1552       273666.36900000
1553       274244.99700000
1554       274824.62100000
1555       275405.24100000
1556       275986.86000000
1557       276569.47800000
1558       277153.09800000
1559       277737.71900000
1560       278323.34300000
1561       278909.97300000
1562       279497.60800000
1563       280086.25100000
1564       280675.90200000
1565       281266.56300000
1566       281858.23600000
1567       282450.92100000
1568       283044.62000000
1569       283639.33400000
1570       284235.06500000
1571       284831.81400000
1572       285429.58100000
1573       286028.37000000
1574       286628.18000000
1575       287229.01300000
1576       287830.87000000
1577       288433.75400000
1578       289037.66400000
1579       289642.60300000
1580       290248.57200000
1581       290855.57200000
1582       291463.60400000
1583       292072.67000000
1584       292682.77100000
1585       293293.90800000
1586       293906.08300000
1587       294519.29800000
1588       295133.55200000
1589       295748.84900000
1590       296365.18800000
1591       296982.57200000
1592       297601.00200000
1593       298220.47900000
1594       298841.00400000
1595       299462.57900000
1596       300085.20500000
1597       300708.88400000
1598       301333.61700000
1599       301959.40500000
1600       302586.24900000
1601       303214.15100000
1602       303843.11200000
1603       304473.13500000
1604       305104.21800000
1605       305736.36600000
1606       306369.57800000
1607       307003.85600000
1608       307639.20100000
1609       308275.61500000
1610       308913.09900000
1611       309551.65500000
1612       310191.28300000
1613       310831.98600000
1614       311473.76400000
1615       312116.61900000
1616       312760.55200000
1617       313405.56500000
1618       314051.65900000
1619       314698.83600000
1620       315347.09600000
1621       315996.44100000
1622       316646.87300000
1623       317298.39300000
1624       317951.00100000
1625       318604.70100000
1626       319259.49200000
1627       319915.37700000
1628       320572.35700000
1629       321230.43300000
1630       321889.60600000
1631       322549.87800000
1632       323211.25100000
1633       323873.72500000
1634       324537.30200000
1635       325201.98400000
1636       325867.77200000
1637       326534.66600000
1638       327202.67000000
1639       327871.78300000
1640       328542.00800000
1641       329213.34500000
1642       329885.79700000
1643       330559.36500000
1644       331234.04900000
1645       331909.85200000
1646       332586.77400000
1647       333264.81800000
1648       333943.98400000
1649       334624.27400000
1650       335305.69000000
1651       335988.23200000
1652       336671.90300000
1653       337356.70300000
1654       338042.63400000
1655       338729.69800000
1656       339417.89500000
1657       340107.22800000
1658       340797.69700000
1659       341489.30500000
1660       342182.05200000
1661       342875.93900000
1662       343570.96900000
1663       344267.14300000
1664       344964.46200000
1665       345662.92800000
1666       346362.54100000
1667       347063.30400000
1668       347765.21800000
1669       348468.28400000
1670       349172.50300000
1671       349877.87800000
1672       350584.40900000
1673       351292.09800000
1674       352000.94700000
1675       352710.95600000
1676       353422.12800000
1677       354134.46300000
1678       354847.96400000
1679       355562.63100000
1680       356278.46600000
1681       356995.47000000
1682       357713.64500000
1683       358432.99300000
1684       359153.51400000
1685       359875.21100000
1686       360598.08400000
1687       361322.13500000
1688       362047.36500000
1689       362773.77700000
1690       363501.37100000
1691       364230.14900000
1692       364960.11200000
1693       365691.26100000
1694       366423.59900000
1695       367157.12700000
1696       367891.84600000
1697       368627.75700000
1698       369364.86200000
1699       370103.16300000
1700       370842.66100000
1701       371583.35700000
1702       372325.25200000
1703       373068.34900000
1704       373812.64900000
1705       374558.15300000
1706       375304.86300000
1707       376052.78000000
1708       376801.90500000
1709       377552.24100000
1710       378303.78800000
1711       379056.54800000
1712       379810.52200000
1713       380565.71300000
1714       381322.12100000
1715       382079.74800000
1716       382838.59500000
1717       383598.66400000
1718       384359.95600000
1719       385122.47300000
1720       385886.21600000
1721       386651.18700000
1722       387417.38700000
1723       388184.81800000
1724       388953.48200000
1725       389723.37800000
1726       390494.51000000
1727       391266.87900000
1728       392040.48600000
1729       392815.33200000
1730       393591.41900000
1731       394368.74900000
1732       395147.32300000
1733       395927.14300000
1734       396708.21000000
1735       397490.52500000
1736       398274.09000000
1737       399058.90700000
1738       399844.97700000
1739       400632.30200000
1740       401420.88200000
1741       402210.72000000
1742       403001.81700000
1743       403794.17500000
1744       404587.79400000
1745       405382.67800000
1746       406178.82600000
1747       406976.24100000
1748       407774.92300000
1749       408574.87600000
1750       409376.09900000
1751       410178.59500000
1752       410982.36600000
1753       411787.41100000
1754       412593.73400000
1755       413401.33600000
1756       414210.21800000
1757       415020.38100000
1758       415831.82700000
1759       416644.55900000
1760       417458.57600000
1761       418273.88200000
1762       419090.47600000
1763       419908.36100000
1764       420727.53900000
1765       421548.01000000
1766       422369.77700000
1767       423192.84100000
1768       424017.20300000
1769       424842.86500000
1770       425669.82900000
1771       426498.09500000
1772       427327.66700000
1773       428158.54400000
1774       428990.72900000
1775       429824.22300000
1776       430659.02700000
1777       431495.14400000
1778       432332.57500000
1779       433171.32000000
1780       434011.38300000
1781       434852.76400000
1782       435695.46500000
1783       436539.48800000
1784       437384.83300000
1785       438231.50300000
1786       439079.49900000
1787       439928.82300000
1788       440779.47600000
1789       441631.46000000
1790       442484.77600000
1791       443339.42500000
1792       444195.41100000
1793       445052.73300000
1794       445911.39300000
1795       446771.39400000
1796       447632.73600000
1797       448495.42200000
1798       449359.45200000
1799       450224.82800000
1800       451091.55300000
1801       451959.62600000
1802       452829.05100000
1803       453699.82800000
1804       454571.96000000
1805       455445.44700000
1806       456320.29100000
1807       457196.49400000
1808       458074.05700000
1809       458952.98200000
1810       459833.27100000
1811       460714.92500000
1812       461597.94600000
1813       462482.33400000
1814       463368.09300000
1815       464255.22300000
1816       465143.72600000
1817       466033.60300000
1818       466924.85700000
1819       467817.48800000
1820       468711.49800000
1821       469606.88900000
1822       470503.66300000
1823       471401.82100000
1824       472301.36400000
1825       473202.29500000
1826       474104.61400000
1827       475008.32300000
1828       475913.42500000
1829       476819.92000000
1830       477727.81000000
1831       478637.09700000
1832       479547.78200000
1833       480459.86700000
1834       481373.35400000
1835       482288.24400000
1836       483204.53800000
1837       484122.23900000
1838       485041.34700000
1839       485961.86500000
1840       486883.79400000
1841       487807.13600000
1842       488731.89200000
1843       489658.06400000
1844       490585.65400000
1845       491514.66200000
1846       492445.09100000
1847       493376.94300000
1848       494310.21800000
1849       495244.91900000
1850       496181.04700000
1851       497118.60400000
1852       498057.59100000
1853       498998.01100000
1854       499939.86300000
1855       500883.15100000
1856       501827.87600000
1857       502774.03900000
1858       503721.64300000
1859       504670.68800000
1860       505621.17600000
1861       506573.10900000
1862       507526.48900000
1863       508481.31700000
1864       509437.59400000
1865       510395.32300000
1866       511354.50500000
1867       512315.14200000
1868       513277.23500000
1869       514240.78600000
1870       515205.79600000
1871       516172.26800000
1872       517140.20200000
1873       518109.60100000
1874       519080.46600000
1875       520052.79800000
1876       521026.60000000
1877       522001.87300000
1878       522978.61900000
1879       523956.83900000
1880       524936.53400000
1881       525917.70700000
1882       526900.36000000
1883       527884.49300000
1884       528870.10800000
1885       529857.20800000
1886       530845.79400000
1887       531835.86600000
1888       532827.42800000
1889       533820.48100000
1890       534815.02600000
1891       535811.06400000
1892       536808.59900000
1893       537807.63100000
1894       538808.16100000
1895       539810.19300000
1896       540813.72600000
1897       541818.76300000
1898       542825.30600000
1899       543833.35700000
1900       544842.91600000
1901       545853.98500000
1902       546866.56700000
1903       547880.66200000
1904       548896.27300000
1905       549913.40200000
1906       550932.04900000
1907       551952.21600000
1908       552973.90600000
1909       553997.11900000
1910       555021.85800000
1911       556048.12500000
1912       557075.92000000
1913       558105.24500000
1914       559136.10300000
1915       560168.49400000
1916       561202.42100000
1917       562237.88500000
1918       563274.88800000
1919       564313.43200000
1920       565353.51800000
1921       566395.14800000
1922       567438.32300000
1923       568483.04500000
1924       569529.31700000
1925       570577.13900000
1926       571626.51300000
1927       572677.44200000
1928       573729.92600000
1929       574783.96700000
1930       575839.56700000
1931       576896.72800000
1932       577955.45200000
1933       579015.73900000
1934       580077.59300000
1935       581141.01300000
1936       582206.00300000
1937       583272.56400000
1938       584340.69700000
1939       585410.40500000
1940       586481.68900000
1941       587554.55000000
1942       588628.99000000
1943       589705.01200000
1944       590782.61600000
1945       591861.80400000
1946       592942.57900000
1947       594024.94100000
1948       595108.89300000
1949       596194.43700000
1950       597281.57300000
1951       598370.30400000
1952       599460.63100000
1953       600552.55600000
1954       601646.08100000
1955       602741.20700000
1956       603837.93700000
1957       604936.27100000
1958       606036.21200000
1959       607137.76100000
1960       608240.92000000
1961       609345.69100000
1962       610452.07600000
1963       611560.07500000
1964       612669.69200000
1965       613780.92700000
1966       614893.78200000
1967       616008.25900000
1968       617124.36000000
1969       618242.08600000
1970       619361.44000000
1971       620482.42300000
1972       621605.03600000
1973       622729.28100000
1974       623855.16100000
1975       624982.67600000
1976       626111.82900000
1977       627242.62100000
1978       628375.05400000
1979       629509.12900000
1980       630644.84900000
1981       631782.21600000
1982       632921.23000000
1983       634061.89300000
1984       635204.20900000
1985       636348.17700000
1986       637493.80000000
1987       638641.07900000
1988       639790.01700000
1989       640940.61500000
1990       642092.87500000
1991       643246.79800000
1992       644402.38600000
1993       645559.64100000
1994       646718.56500000
1995       647879.16000000
1996       649041.42700000
1997       650205.36700000
1998       651370.98300000
1999       652538.27700000
2000       653707.25000000
2001       654877.90400000
2002       656050.24100000
2003       657224.26200000
2004       658399.96900000
2005       659577.36400000
2006       660756.44900000
2007       661937.22500000
2008       663119.69400000
2009       664303.85800000
2010       665489.71900000
2011       666677.27900000
2012       667866.53800000
2013       669057.50000000
2014       670250.16500000
2015       671444.53600000
2016       672640.61400000
2017       673838.40100000
2018       675037.89900000
2019       676239.10900000
2020       677442.03300000
2021       678646.67400000
2022       679853.03200000
2023       681061.11000000
2024       682270.90900000
2025       683482.43200000
2026       684695.67900000
2027       685910.65300000
2028       687127.35500000
2029       688345.78700000
2030       689565.95100000
2031       690787.84900000
2032       692011.48300000
2033       693236.85400000
2034       694463.96300000
2035       695692.81400000
2036       696923.40700000
2037       698155.74500000
2038       699389.82800000
2039       700625.66000000
2040       701863.24100000
2041       703102.57400000
2042       704343.65900000
2043       705586.50000000
2044       706831.09800000
2045       708077.45400000
2046       709325.57100000
2047       710575.45000000
2048       711827.09300000
2049       713080.50100000
2050       714335.67700000
2051       715592.62200000
2052       716851.33900000
2053       718111.82800000
2054       719374.09200000
2055       720638.13200000
2056       721903.95000000
2057       723171.54900000
2058       724440.92900000
2059       725712.09300000
2060       726985.04300000
2061       728259.77900000
2062       729536.30500000
2063       730814.62100000
2064       732094.73000000
2065       733376.63300000
2066       734660.33200000
2067       735945.83000000
2068       737233.12700000
2069       738522.22600000
2070       739813.12800000
2071       741105.83500000
2072       742400.35000000
2073       743696.67300000
2074       744994.80600000
2075       746294.75200000
2076       747596.51200000
2077       748900.08900000
2078       750205.48300000
2079       751512.69600000
2080       752821.73100000
2081       754132.58900000
2082       755445.27300000
2083       756759.78300000
2084       758076.12200000
2085       759394.29100000
2086       760714.29200000
2087       762036.12800000
2088       763359.79900000
2089       764685.30900000
2090       766012.65700000
2091       767341.84800000
2092       768672.88100000
2093       770005.75900000
2094       771340.48400000
2095       772677.05800000
2096       774015.48200000
2097       775355.75800000
2098       776697.88900000
2099       778041.87500000
2100       779387.71900000
2101       780735.42300000
2102       782084.98800000
2103       783436.41600000
2104       784789.70900000
2105       786144.86900000
2106       787501.89800000
2107       788860.79700000
2108       790221.56800000
2109       791584.21400000
2110       792948.73500000
2111       794315.13500000
2112       795683.41400000
2113       797053.57400000
2114       798425.61800000
2115       799799.54700000
2116       801175.36300000
2117       802553.06800000
2118       803932.66300000
2119       805314.15100000
2120       806697.53300000
2121       808082.81100000
2122       809469.98700000
2123       810859.06300000
2124       812250.04100000
2125       813642.92200000
2126       815037.70800000
2127       816434.40200000
2128       817833.00500000
2129       819233.51800000
2130       820635.94400000
2131       822040.28500000
2132       823446.54200000
2133       824854.71700000
2134       826264.81200000
2135       827676.83000000
2136       829090.77000000
2137       830506.63700000
2138       831924.43100000
2139       833344.15400000
2140       834765.80900000
2141       836189.39600000
2142       837614.91800000
2143       839042.37700000
2144       840471.77500000
2145       841903.11300000
2146       843336.39300000
2147       844771.61700000
2148       846208.78700000
2149       847647.90500000
2150       849088.97300000
2151       850531.99200000
2152       851976.96400000
2153       853423.89200000
2154       854872.77700000
2155       856323.62100000
2156       857776.42500000
2157       859231.19200000
2158       860687.92400000
2159       862146.62200000
2160       863607.28800000
2161       865069.92500000
2162       866534.53300000
2163       868001.11500000
2164       869469.67300000
2165       870940.20800000
2166       872412.72300000
2167       873887.21900000
2168       875363.69800000
2169       876842.16200000
2170       878322.61300000
2171       879805.05300000
2172       881289.48400000
2173       882775.90600000
2174       884264.32400000
2175       885754.73700000
2176       887247.14800000
2177       888741.56000000
2178       890237.97300000
2179       891736.39000000
2180       893236.81200000
2181       894739.24200000
2182       896243.68200000
2183       897750.13200000
2184       899258.59500000
2185       900769.07400000
2186       902281.56900000
2187       903796.08300000
2188       905312.61700000
2189       906831.17400000
2190       908351.75500000
2191       909874.36300000
2192       911398.99800000
2193       912925.66300000
2194       914454.36100000
2195       915985.09100000
2196       917517.85800000
2197       919052.66200000
2198       920589.50500000
2199       922128.39000000
2200       923669.31700000
2201       925212.29000000
2202       926757.31000000
2203       928304.37800000
2204       929853.49700000
2205       931404.66800000
2206       932957.89400000
2207       934513.17600000
2208       936070.51700000
2209       937629.91700000
2210       939191.38000000
2211       940754.90600000
2212       942320.49800000
2213       943888.15800000
2214       945457.88700000
2215       947029.68800000
2216       948603.56200000
2217       950179.51100000
2218       951757.53700000
2219       953337.64200000
2220       954919.82900000
2221       956504.09700000
2222       958090.45100000
2223       959678.89100000
2224       961269.42000000
2225       962862.03900000
2226       964456.75000000
2227       966053.55500000
2228       967652.45700000
2229       969253.45600000
2230       970856.55500000
2231       972461.75600000
2232       974069.06100000
2233       975678.47100000
2234       977289.98800000
2235       978903.61500000
2236       980519.35300000
2237       982137.20400000
2238       983757.17000000
2239       985379.25400000
2240       987003.45600000
2241       988629.77800000
2242       990258.22400000
2243       991888.79400000
2244       993521.49000000
2245       995156.31500000
2246       996793.27000000
2247       998432.35700000
2248      1000073.58000000
2249      1001716.94000000
2250      1003362.43000000
2251      1005010.07000000
2252      1006659.84000000
2253      1008311.76000000
2254      1009965.83000000
2255      1011622.04000000
2256      1013280.40000000
2257      1014940.92000000
2258      1016603.59000000
2259      1018268.41000000
2260      1019935.39000000
2261      1021604.52000000
2262      1023275.82000000
2263      1024949.28000000
2264      1026624.91000000
2265      1028302.70000000
2266      1029982.67000000
2267      1031664.80000000
2268      1033349.10000000
2269      1035035.58000000
2270      1036724.23000000
2271      1038415.06000000
2272      1040108.08000000
2273      1041803.27000000
2274      1043500.65000000
2275      1045200.21000000
2276      1046901.96000000
2277      1048605.90000000
2278      1050312.04000000
2279      1052020.36000000
2280      1053730.88000000
2281      1055443.60000000
2282      1057158.52000000
2283      1058875.64000000
2284      1060594.96000000
2285      1062316.48000000
2286      1064040.22000000
2287      1065766.16000000
2288      1067494.31000000
2289      1069224.68000000
2290      1070957.26000000
2291      1072692.05000000
2292      1074429.07000000
2293      1076168.30000000
2294      1077909.76000000
2295      1079653.44000000
2296      1081399.35000000
2297      1083147.48000000
2298      1084897.85000000
2299      1086650.44000000
2300      1088405.27000000
2301      1090162.34000000
2302      1091921.64000000
2303      1093683.19000000
2304      1095446.97000000
2305      1097213.00000000
2306      1098981.27000000
2307      1100751.79000000
2308      1102524.56000000
2309      1104299.59000000
2310      1106076.86000000
2311      1107856.39000000
2312      1109638.17000000
2313      1111422.22000000
2314      1113208.53000000
2315      1114997.09000000
2316      1116787.93000000
2317      1118581.03000000
2318      1120376.40000000
2319      1122174.03000000
2320      1123973.95000000
2321      1125776.13000000
2322      1127580.59000000
2323      1129387.33000000
2324      1131196.35000000
2325      1133007.65000000
2326      1134821.24000000
2327      1136637.11000000
2328      1138455.27000000
2329      1140275.72000000
2330      1142098.46000000
2331      1143923.50000000
2332      1145750.83000000
2333      1147580.46000000
2334      1149412.38000000
2335      1151246.61000000
2336      1153083.14000000
2337      1154921.98000000
2338      1156763.13000000
2339      1158606.58000000
2340      1160452.35000000
2341      1162300.42000000
2342      1164150.82000000
2343      1166003.53000000
2344      1167858.56000000
2345      1169715.91000000
2346      1171575.58000000
2347      1173437.58000000
2348      1175301.90000000
2349      1177168.55000000
2350      1179037.53000000
2351      1180908.85000000
2352      1182782.50000000
2353      1184658.49000000
2354      1186536.81000000
2355      1188417.47000000
2356      1190300.48000000
2357      1192185.83000000
2358      1194073.53000000
2359      1195963.57000000
2360      1197855.97000000
2361      1199750.72000000
2362      1201647.82000000
2363      1203547.27000000
2364      1205449.09000000
2365      1207353.26000000
2366      1209259.80000000
2367      1211168.70000000
2368      1213079.96000000
2369      1214993.59000000
2370      1216909.59000000
2371      1218827.97000000
2372      1220748.71000000
2373      1222671.83000000
2374      1224597.33000000
2375      1226525.21000000
2376      1228455.47000000
2377      1230388.11000000
2378      1232323.14000000
2379      1234260.55000000
2380      1236200.35000000
2381      1238142.55000000
2382      1240087.13000000
2383      1242034.11000000
2384      1243983.49000000
2385      1245935.27000000
2386      1247889.45000000
2387      1249846.02000000
2388      1251805.01000000
2389      1253766.40000000
2390      1255730.20000000
2391      1257696.41000000
2392      1259665.03000000
2393      1261636.06000000
2394      1263609.52000000
2395      1265585.38000000
2396      1267563.67000000
2397      1269544.39000000
2398      1271527.52000000
2399      1273513.08000000
2400      1275501.07000000
2401      1277491.49000000
2402      1279484.35000000
2403      1281479.63000000
2404      1283477.35000000
2405      1285477.51000000
2406      1287480.11000000
2407      1289485.15000000
2408      1291492.63000000
2409      1293502.56000000
2410      1295514.94000000
2411      1297529.76000000
2412      1299547.04000000
2413      1301566.77000000
2414      1303588.96000000
2415      1305613.60000000
2416      1307640.70000000
2417      1309670.26000000
2418      1311702.29000000
2419      1313736.78000000
2420      1315773.74000000
2421      1317813.16000000
2422      1319855.06000000
2423      1321899.43000000
2424      1323946.28000000
2425      1325995.60000000
2426      1328047.40000000
2427      1330101.68000000
2428      1332158.45000000
2429      1334217.70000000
2430      1336279.43000000
2431      1338343.66000000
2432      1340410.37000000
2433      1342479.58000000
2434      1344551.28000000
2435      1346625.47000000
2436      1348702.17000000
2437      1350781.37000000
2438      1352863.06000000
2439      1354947.27000000
2440      1357033.97000000
2441      1359123.19000000
2442      1361214.92000000
2443      1363309.16000000
2444      1365405.91000000
2445      1367505.18000000
2446      1369606.96000000
2447      1371711.27000000
2448      1373818.10000000
2449      1375927.45000000
2450      1378039.32000000
2451      1380153.73000000
2452      1382270.66000000
2453      1384390.13000000
2454      1386512.13000000
2455      1388636.66000000
2456      1390763.73000000
2457      1392893.34000000
2458      1395025.50000000
2459      1397160.19000000
2460      1399297.44000000
2461      1401437.22000000
2462      1403579.56000000
2463      1405724.45000000
2464      1407871.89000000
2465      1410021.89000000
2466      1412174.44000000
2467      1414329.56000000
2468      1416487.23000000
2469      1418647.47000000
2470      1420810.27000000
2471      1422975.64000000
2472      1425143.57000000
2473      1427314.08000000
2474      1429487.16000000
2475      1431662.82000000
2476      1433841.05000000
2477      1436021.86000000
2478      1438205.25000000
2479      1440391.22000000
2480      1442579.78000000
2481      1444770.93000000
2482      1446964.66000000
2483      1449160.98000000
2484      1451359.90000000
2485      1453561.41000000
2486      1455765.51000000
2487      1457972.22000000
2488      1460181.52000000
2489      1462393.42000000
2490      1464607.93000000
2491      1466825.05000000
2492      1469044.77000000
2493      1471267.11000000
2494      1473492.05000000
2495      1475719.61000000
2496      1477949.79000000
2497      1480182.58000000
2498      1482417.99000000
2499      1484656.03000000
2500      1486896.68000000
2501      1489139.97000000
2502      1491385.88000000
2503      1493634.42000000
2504      1495885.59000000
2505      1498139.39000000
2506      1500395.84000000
2507      1502654.91000000
2508      1504916.63000000
2509      1507180.99000000
2510      1509447.99000000
2511      1511717.64000000
2512      1513989.93000000
2513      1516264.87000000
2514      1518542.47000000
2515      1520822.71000000
2516      1523105.61000000
2517      1525391.17000000
2518      1527679.39000000
2519      1529970.27000000
2520      1532263.81000000
2521      1534560.01000000
2522      1536858.89000000
2523      1539160.43000000
2524      1541464.64000000
2525      1543771.52000000
2526      1546081.08000000
2527      1548393.32000000
2528      1550708.23000000
2529      1553025.82000000
2530      1555346.10000000
2531      1557669.06000000
2532      1559994.71000000
2533      1562323.04000000
2534      1564654.07000000
2535      1566987.78000000
2536      1569324.19000000
2537      1571663.30000000
2538      1574005.11000000
2539      1576349.61000000
2540      1578696.82000000
2541      1581046.73000000
2542      1583399.35000000
2543      1585754.67000000
2544      1588112.70000000
2545      1590473.45000000
2546      1592836.91000000
2547      1595203.08000000
2548      1597571.98000000
2549      1599943.59000000
2550      1602317.92000000
2551      1604694.98000000
2552      1607074.76000000
2553      1609457.27000000
2554      1611842.51000000
2555      1614230.48000000
2556      1616621.18000000
2557      1619014.62000000
2558      1621410.79000000
2559      1623809.71000000
2560      1626211.36000000
2561      1628615.76000000
2562      1631022.90000000
2563      1633432.79000000
2564      1635845.43000000
2565      1638260.82000000
2566      1640678.96000000
2567      1643099.86000000
2568      1645523.51000000
2569      1647949.92000000
2570      1650379.09000000
2571      1652811.03000000
2572      1655245.73000000
2573      1657683.19000000
2574      1660123.43000000
2575      1662566.43000000
2576      1665012.21000000
2577      1667460.76000000
2578      1669912.08000000
2579      1672366.19000000
2580      1674823.07000000
2581      1677282.74000000
2582      1679745.19000000
2583      1682210.42000000
2584      1684678.44000000
2585      1687149.26000000
2586      1689622.86000000
2587      1692099.26000000
2588      1694578.45000000
2589      1697060.45000000
2590      1699545.24000000
2591      1702032.83000000
2592      1704523.23000000
2593      1707016.43000000
2594      1709512.43000000
2595      1712011.25000000
2596      1714512.88000000
2597      1717017.32000000
2598      1719524.58000000
2599      1722034.65000000
2600      1724547.55000000
2601      1727063.26000000
2602      1729581.80000000
2603      1732103.16000000
2604      1734627.34000000
2605      1737154.36000000
2606      1739684.21000000
2607      1742216.89000000
2608      1744752.40000000
2609      1747290.75000000
2610      1749831.94000000
2611      1752375.97000000
2612      1754922.84000000
2613      1757472.56000000
2614      1760025.12000000
2615      1762580.53000000
2616      1765138.79000000
2617      1767699.90000000
2618      1770263.86000000
2619      1772830.68000000
2620      1775400.36000000
2621      1777972.90000000
2622      1780548.30000000
2623      1783126.57000000
2624      1785707.70000000
2625      1788291.69000000
2626      1790878.56000000
2627      1793468.30000000
2628      1796060.91000000
2629      1798656.39000000
2630      1801254.76000000
2631      1803856.00000000
2632      1806460.12000000
2633      1809067.13000000
2634      1811677.02000000
2635      1814289.80000000
2636      1816905.46000000
2637      1819524.02000000
2638      1822145.47000000
2639      1824769.82000000
2640      1827397.06000000
2641      1830027.20000000
2642      1832660.24000000
2643      1835296.18000000
2644      1837935.03000000
2645      1840576.78000000
2646      1843221.44000000
2647      1845869.01000000
2648      1848519.49000000
2649      1851172.89000000
2650      1853829.20000000
2651      1856488.43000000
2652      1859150.58000000
2653      1861815.65000000
2654      1864483.65000000
2655      1867154.57000000
2656      1869828.42000000
2657      1872505.20000000
2658      1875184.90000000
2659      1877867.55000000
2660      1880553.12000000
2661      1883241.64000000
2662      1885933.09000000
2663      1888627.48000000
2664      1891324.82000000
2665      1894025.10000000
2666      1896728.33000000
2667      1899434.50000000
2668      1902143.63000000
2669      1904855.71000000
2670      1907570.74000000
2671      1910288.73000000
2672      1913009.68000000
2673      1915733.59000000
2674      1918460.46000000
2675      1921190.30000000
2676      1923923.10000000
2677      1926658.87000000
2678      1929397.60000000
2679      1932139.31000000
2680      1934884.00000000
2681      1937631.65000000
2682      1940382.29000000
2683      1943135.91000000
2684      1945892.50000000
2685      1948652.08000000
2686      1951414.65000000
2687      1954180.20000000
2688      1956948.74000000
2689      1959720.27000000
2690      1962494.80000000
2691      1965272.32000000
2692      1968052.83000000
2693      1970836.35000000
2694      1973622.86000000
2695      1976412.38000000
2696      1979204.90000000
2697      1982000.43000000
2698      1984798.96000000
2699      1987600.51000000
2700      1990405.07000000
2701      1993212.64000000
2702      1996023.22000000
2703      1998836.83000000
2704      2001653.45000000
2705      2004473.10000000
2706      2007295.77000000
2707      2010121.46000000
2708      2012950.18000000
2709      2015781.93000000
2710      2018616.72000000
2711      2021454.53000000
2712      2024295.38000000
2713      2027139.27000000
2714      2029986.19000000
2715      2032836.16000000
2716      2035689.16000000
2717      2038545.22000000
2718      2041404.31000000
2719      2044266.46000000
2720      2047131.66000000
2721      2049999.90000000
2722      2052871.21000000
2723      2055745.56000000
2724      2058622.98000000
2725      2061503.46000000
2726      2064386.99000000
2727      2067273.59000000
2728      2070163.26000000
2729      2073055.99000000
2730      2075951.79000000
2731      2078850.66000000
2732      2081752.61000000
2733      2084657.63000000
2734      2087565.73000000
2735      2090476.90000000
2736      2093391.16000000
2737      2096308.49000000
2738      2099228.92000000
2739      2102152.43000000
2740      2105079.02000000
2741      2108008.71000000
2742      2110941.49000000
2743      2113877.36000000
2744      2116816.33000000
2745      2119758.39000000
2746      2122703.55000000
2747      2125651.82000000
2748      2128603.19000000
2749      2131557.66000000
2750      2134515.24000000
2751      2137475.93000000
2752      2140439.73000000
2753      2143406.64000000
2754      2146376.67000000
2755      2149349.82000000
2756      2152326.08000000
2757      2155305.46000000
2758      2158287.96000000
2759      2161273.59000000
2760      2164262.34000000
2761      2167254.23000000
2762      2170249.24000000
2763      2173247.38000000
2764      2176248.65000000
2765      2179253.07000000
2766      2182260.61000000
2767      2185271.30000000
2768      2188285.13000000
2769      2191302.10000000
2770      2194322.21000000
2771      2197345.47000000
2772      2200371.88000000
2773      2203401.44000000
2774      2206434.16000000
2775      2209470.02000000
2776      2212509.04000000
2777      2215551.22000000
2778      2218596.56000000
2779      2221645.06000000
2780      2224696.73000000
2781      2227751.56000000
2782      2230809.55000000
2783      2233870.72000000
2784      2236935.05000000
2785      2240002.56000000
2786      2243073.25000000
2787      2246147.11000000
2788      2249224.14000000
2789      2252304.36000000
2790      2255387.76000000
2791      2258474.35000000
2792      2261564.12000000
2793      2264657.08000000
2794      2267753.22000000
2795      2270852.56000000
2796      2273955.09000000
2797      2277060.82000000
2798      2280169.74000000
2799      2283281.87000000
2800      2286397.19000000
2801      2289515.71000000
2802      2292637.44000000
2803      2295762.38000000
2804      2298890.53000000
2805      2302021.88000000
2806      2305156.45000000
2807      2308294.23000000
2808      2311435.22000000
2809      2314579.43000000
2810      2317726.87000000
2811      2320877.52000000
2812      2324031.40000000
2813      2327188.50000000
2814      2330348.83000000
2815      2333512.38000000
2816      2336679.17000000
2817      2339849.19000000
2818      2343022.44000000
2819      2346198.93000000
2820      2349378.65000000
2821      2352561.62000000
2822      2355747.83000000
2823      2358937.28000000
2824      2362129.98000000
2825      2365325.92000000
2826      2368525.11000000
2827      2371727.55000000
2828      2374933.25000000
2829      2378142.20000000
2830      2381354.40000000
2831      2384569.87000000
2832      2387788.59000000
2833      2391010.58000000
2834      2394235.82000000
2835      2397464.34000000
2836      2400696.12000000
2837      2403931.17000000
2838      2407169.49000000
2839      2410411.09000000
2840      2413655.96000000
2841      2416904.10000000
2842      2420155.52000000
2843      2423410.23000000
2844      2426668.21000000
2845      2429929.48000000
2846      2433194.04000000
2847      2436461.88000000
2848      2439733.01000000
2849      2443007.44000000
2850      2446285.15000000
2851      2449566.16000000
2852      2452850.47000000
2853      2456138.07000000
2854      2459428.98000000
2855      2462723.19000000
2856      2466020.70000000
2857      2469321.52000000
2858      2472625.64000000
2859      2475933.08000000
2860      2479243.82000000
2861      2482557.88000000
2862      2485875.25000000
2863      2489195.94000000
2864      2492519.95000000
2865      2495847.28000000
2866      2499177.93000000
2867      2502511.90000000
2868      2505849.20000000
2869      2509189.83000000
2870      2512533.79000000
2871      2515881.08000000
2872      2519231.70000000
2873      2522585.66000000
2874      2525942.95000000
2875      2529303.58000000
2876      2532667.55000000
2877      2536034.86000000
2878      2539405.52000000
2879      2542779.52000000
2880      2546156.87000000
2881      2549537.57000000
2882      2552921.62000000
2883      2556309.03000000
2884      2559699.79000000
2885      2563093.90000000
2886      2566491.37000000
2887      2569892.21000000
2888      2573296.40000000
2889      2576703.96000000
2890      2580114.88000000
2891      2583529.18000000
2892      2586946.84000000
2893      2590367.87000000
2894      2593792.27000000
2895      2597220.05000000
2896      2600651.21000000
2897      2604085.74000000
2898      2607523.65000000
2899      2610964.95000000
2900      2614409.62000000
2901      2617857.69000000
2902      2621309.14000000
2903      2624763.98000000
2904      2628222.21000000
2905      2631683.83000000
2906      2635148.84000000
2907      2638617.26000000
2908      2642089.07000000
2909      2645564.28000000
2910      2649042.89000000
2911      2652524.90000000
2912      2656010.32000000
2913      2659499.15000000
2914      2662991.38000000
2915      2666487.03000000
2916      2669986.08000000
2917      2673488.55000000
2918      2676994.44000000
2919      2680503.74000000
2920      2684016.46000000
2921      2687532.61000000
2922      2691052.17000000
2923      2694575.16000000
2924      2698101.58000000
2925      2701631.43000000
2926      2705164.70000000
2927      2708701.41000000
2928      2712241.55000000
2929      2715785.12000000
2930      2719332.13000000
2931      2722882.58000000
2932      2726436.47000000
2933      2729993.81000000
2934      2733554.58000000
2935      2737118.81000000
2936      2740686.48000000
2937      2744257.60000000
2938      2747832.17000000
2939      2751410.19000000
2940      2754991.67000000
2941      2758576.60000000
2942      2762164.99000000
2943      2765756.84000000
2944      2769352.16000000
2945      2772950.93000000
2946      2776553.18000000
2947      2780158.88000000
2948      2783768.06000000
2949      2787380.71000000
2950      2790996.83000000
2951      2794616.42000000
2952      2798239.49000000
2953      2801866.04000000
2954      2805496.06000000
2955      2809129.57000000
2956      2812766.56000000
2957      2816407.03000000
2958      2820050.99000000
2959      2823698.44000000
2960      2827349.38000000
2961      2831003.80000000
2962      2834661.72000000
2963      2838323.14000000
2964      2841988.05000000
2965      2845656.46000000
2966      2849328.37000000
2967      2853003.79000000
2968      2856682.70000000
2969      2860365.13000000
2970      2864051.05000000
2971      2867740.49000000
2972      2871433.44000000
2973      2875129.90000000
2974      2878829.87000000
2975      2882533.36000000
2976      2886240.37000000
2977      2889950.89000000
2978      2893664.94000000
2979      2897382.51000000
2980      2901103.60000000
2981      2904828.22000000
2982      2908556.37000000
2983      2912288.05000000
2984      2916023.25000000
2985      2919762.00000000
2986      2923504.27000000
2987      2927250.08000000
2988      2930999.43000000
2989      2934752.32000000
2990      2938508.75000000
2991      2942268.73000000
2992      2946032.25000000
2993      2949799.31000000
2994      2953569.93000000
2995      2957344.09000000
2996      2961121.81000000
2997      2964903.08000000
2998      2968687.90000000
2999      2972476.29000000
3000      2976268.23000000
3001      2980063.73000000
3002      2983862.79000000
3003      2987665.42000000
3004      2991471.61000000
3005      2995281.37000000
3006      2999094.70000000
3007      3002911.60000000
3008      3006732.07000000
3009      3010556.12000000
3010      3014383.74000000
3011      3018214.94000000
3012      3022049.71000000
3013      3025888.07000000
3014      3029730.01000000
3015      3033575.54000000
3016      3037424.65000000
3017      3041277.35000000
3018      3045133.63000000
3019      3048993.51000000
3020      3052856.98000000
3021      3056724.05000000
3022      3060594.71000000
3023      3064468.97000000
3024      3068346.83000000
3025      3072228.29000000
3026      3076113.35000000
3027      3080002.02000000
3028      3083894.29000000
3029      3087790.17000000
3030      3091689.67000000
3031      3095592.77000000
3032      3099499.48000000
3033      3103409.81000000
3034      3107323.76000000
3035      3111241.32000000
3036      3115162.50000000
3037      3119087.31000000
3038      3123015.74000000
3039      3126947.79000000
3040      3130883.47000000
3041      3134822.77000000
3042      3138765.71000000
3043      3142712.27000000
3044      3146662.47000000
3045      3150616.31000000
3046      3154573.78000000
3047      3158534.89000000
3048      3162499.64000000
3049      3166468.03000000
3050      3170440.06000000
3051      3174415.74000000
3052      3178395.06000000
3053      3182378.03000000
3054      3186364.65000000
3055      3190354.92000000
3056      3194348.85000000
3057      3198346.43000000
3058      3202347.66000000
3059      3206352.56000000
3060      3210361.11000000
3061      3214373.33000000
3062      3218389.20000000
3063      3222408.75000000
3064      3226431.95000000
3065      3230458.83000000
3066      3234489.37000000
3067      3238523.59000000
3068      3242561.48000000
3069      3246603.04000000
3070      3250648.28000000
3071      3254697.20000000
3072      3258749.79000000
3073      3262806.07000000
3074      3266866.03000000
3075      3270929.67000000
3076      3274997.00000000
3077      3279068.02000000
3078      3283142.73000000
3079      3287221.12000000
3080      3291303.21000000
3081      3295389.00000000
3082      3299478.48000000
3083      3303571.65000000
3084      3307668.53000000
3085      3311769.10000000
3086      3315873.38000000
3087      3319981.36000000
3088      3324093.05000000
3089      3328208.44000000
3090      3332327.55000000
3091      3336450.36000000
3092      3340576.88000000
3093      3344707.12000000
3094      3348841.07000000
3095      3352978.74000000
3096      3357120.13000000
3097      3361265.24000000
3098      3365414.07000000
3099      3369566.62000000
3100      3373722.90000000
3101      3377882.91000000
3102      3382046.64000000
3103      3386214.10000000
3104      3390385.30000000
3105      3394560.22000000
3106      3398738.88000000
3107      3402921.28000000
3108      3407107.41000000
3109      3411297.29000000
3110      3415490.90000000
3111      3419688.26000000
3112      3423889.36000000
3113      3428094.21000000
3114      3432302.80000000
3115      3436515.14000000
3116      3440731.24000000
3117      3444951.08000000
3118      3449174.68000000
3119      3453402.04000000
3120      3457633.15000000
3121      3461868.02000000
3122      3466106.65000000
3123      3470349.04000000
3124      3474595.20000000
3125      3478845.12000000
3126      3483098.80000000
3127      3487356.26000000
3128      3491617.48000000
3129      3495882.47000000
3130      3500151.24000000
3131      3504423.78000000
3132      3508700.10000000
3133      3512980.19000000
3134      3517264.07000000
3135      3521551.72000000
3136      3525843.16000000
3137      3530138.38000000
3138      3534437.39000000
3139      3538740.18000000
3140      3543046.76000000
3141      3547357.13000000
3142      3551671.29000000
3143      3555989.25000000
3144      3560311.00000000
3145      3564636.55000000
3146      3568965.89000000
3147      3573299.04000000
3148      3577635.98000000
3149      3581976.73000000
3150      3586321.28000000
3151      3590669.64000000
3152      3595021.81000000
3153      3599377.78000000
3154      3603737.56000000
3155      3608101.16000000
3156      3612468.57000000
3157      3616839.79000000
3158      3621214.84000000
3159      3625593.69000000
3160      3629976.37000000
3161      3634362.87000000
3162      3638753.20000000
3163      3643147.34000000
3164      3647545.32000000
3165      3651947.12000000
3166      3656352.75000000
3167      3660762.21000000
3168      3665175.50000000
3169      3669592.62000000
3170      3674013.58000000
3171      3678438.38000000
3172      3682867.02000000
3173      3687299.49000000
3174      3691735.81000000
3175      3696175.97000000
3176      3700619.97000000
3177      3705067.82000000
3178      3709519.51000000
3179      3713975.06000000
3180      3718434.45000000
3181      3722897.70000000
3182      3727364.80000000
3183      3731835.76000000
3184      3736310.57000000
3185      3740789.24000000
3186      3745271.77000000
3187      3749758.16000000
3188      3754248.42000000
3189      3758742.54000000
3190      3763240.52000000
3191      3767742.37000000
3192      3772248.09000000
3193      3776757.68000000
3194      3781271.14000000
3195      3785788.47000000
3196      3790309.68000000
3197      3794834.77000000
3198      3799363.73000000
3199      3803896.57000000
3200      3808433.30000000
3201      3812973.90000000
3202      3817518.39000000
3203      3822066.76000000
3204      3826619.02000000
3205      3831175.17000000
3206      3835735.21000000
3207      3840299.14000000
3208      3844866.96000000
3209      3849438.68000000
3210      3854014.29000000
3211      3858593.80000000
3212      3863177.21000000
3213      3867764.52000000
3214      3872355.73000000
3215      3876950.84000000
3216      3881549.86000000
3217      3886152.79000000
3218      3890759.62000000
3219      3895370.36000000
3220      3899985.01000000
3221      3904603.57000000
3222      3909226.05000000
3223      3913852.44000000
3224      3918482.75000000
3225      3923116.98000000
3226      3927755.12000000
3227      3932397.19000000
3228      3937043.18000000
3229      3941693.09000000
3230      3946346.93000000
3231      3951004.70000000
3232      3955666.39000000
3233      3960332.01000000
3234      3965001.57000000
3235      3969675.05000000
3236      3974352.48000000
3237      3979033.83000000
3238      3983719.13000000
3239      3988408.36000000
3240      3993101.53000000
3241      3997798.64000000
3242      4002499.70000000
3243      4007204.70000000
3244      4011913.65000000
3245      4016626.54000000
3246      4021343.38000000
3247      4026064.18000000
3248      4030788.92000000
3249      4035517.62000000
3250      4040250.27000000
3251      4044986.88000000
3252      4049727.44000000
3253      4054471.97000000
3254      4059220.45000000
3255      4063972.90000000
3256      4068729.31000000
3257      4073489.68000000
3258      4078254.02000000
3259      4083022.33000000
3260      4087794.60000000
3261      4092570.85000000
3262      4097351.07000000
3263      4102135.26000000
3264      4106923.43000000
3265      4111715.57000000
3266      4116511.69000000
3267      4121311.79000000
3268      4126115.87000000
3269      4130923.93000000
3270      4135735.97000000
3271      4140552.00000000
3272      4145372.01000000
3273      4150196.01000000
3274      4155024.01000000
3275      4159855.99000000
3276      4164691.96000000
3277      4169531.92000000
3278      4174375.88000000
3279      4179223.84000000
3280      4184075.79000000
3281      4188931.75000000
3282      4193791.70000000
3283      4198655.65000000
3284      4203523.61000000
3285      4208395.57000000
3286      4213271.54000000
3287      4218151.51000000
3288      4223035.50000000
3289      4227923.49000000
3290      4232815.49000000
3291      4237711.51000000
3292      4242611.54000000
3293      4247515.59000000
3294      4252423.65000000
3295      4257335.74000000
3296      4262251.84000000
3297      4267171.96000000
3298      4272096.11000000
3299      4277024.28000000
3300      4281956.47000000
3301      4286892.69000000
3302      4291832.94000000
3303      4296777.22000000
3304      4301725.53000000
3305      4306677.88000000
3306      4311634.25000000
3307      4316594.66000000
3308      4321559.11000000
3309      4326527.60000000
3310      4331500.12000000
3311      4336476.69000000
3312      4341457.29000000
3313      4346441.94000000
3314      4351430.64000000
3315      4356423.38000000
3316      4361420.17000000
3317      4366421.00000000
3318      4371425.89000000
3319      4376434.83000000
3320      4381447.82000000
3321      4386464.86000000
3322      4391485.96000000
3323      4396511.12000000
3324      4401540.34000000
3325      4406573.61000000
3326      4411610.95000000
3327      4416652.35000000
3328      4421697.81000000
3329      4426747.34000000
3330      4431800.93000000
3331      4436858.59000000
3332      4441920.32000000
3333      4446986.13000000
3334      4452056.00000000
3335      4457129.94000000
3336      4462207.97000000
3337      4467290.06000000
3338      4472376.24000000
3339      4477466.49000000
3340      4482560.82000000
3341      4487659.23000000
3342      4492761.73000000
3343      4497868.31000000
3344      4502978.97000000
3345      4508093.72000000
3346      4513212.56000000
3347      4518335.49000000
3348      4523462.51000000
3349      4528593.62000000
3350      4533728.82000000
3351      4538868.12000000
3352      4544011.51000000
3353      4549159.00000000
3354      4554310.59000000
3355      4559466.28000000
3356      4564626.07000000
3357      4569789.96000000
3358      4574957.96000000
3359      4580130.06000000
3360      4585306.26000000
3361      4590486.58000000
3362      4595671.00000000
3363      4600859.54000000
3364      4606052.18000000
3365      4611248.94000000
3366      4616449.81000000
3367      4621654.80000000
3368      4626863.91000000
3369      4632077.13000000
3370      4637294.47000000
3371      4642515.93000000
3372      4647741.52000000
3373      4652971.23000000
3374      4658205.06000000
3375      4663443.02000000
3376      4668685.10000000
3377      4673931.32000000
3378      4679181.66000000
3379      4684436.14000000
3380      4689694.75000000
3381      4694957.49000000
3382      4700224.36000000
3383      4705495.37000000
3384      4710770.52000000
3385      4716049.81000000
3386      4721333.24000000
3387      4726620.81000000
3388      4731912.52000000
3389      4737208.38000000
3390      4742508.38000000
3391      4747812.53000000
3392      4753120.82000000
3393      4758433.27000000
3394      4763749.86000000
3395      4769070.61000000
3396      4774395.51000000
3397      4779724.56000000
3398      4785057.77000000
3399      4790395.13000000
3400      4795736.65000000
3401      4801082.34000000
3402      4806432.18000000
3403      4811786.18000000
3404      4817144.35000000
3405      4822506.68000000
3406      4827873.17000000
3407      4833243.84000000
3408      4838618.67000000
3409      4843997.67000000
3410      4849380.84000000
3411      4854768.18000000
3412      4860159.69000000
3413      4865555.38000000
3414      4870955.24000000
3415      4876359.28000000
3416      4881767.50000000
3417      4887179.90000000
3418      4892596.48000000
3419      4898017.24000000
3420      4903442.18000000
3421      4908871.31000000
3422      4914304.62000000
3423      4919742.11000000
3424      4925183.80000000
3425      4930629.68000000
3426      4936079.74000000
3427      4941534.00000000
3428      4946992.45000000
3429      4952455.09000000
3430      4957921.93000000
3431      4963392.96000000
3432      4968868.19000000
3433      4974347.62000000
3434      4979831.25000000
3435      4985319.09000000
3436      4990811.12000000
3437      4996307.36000000
3438      5001807.80000000
3439      5007312.45000000
3440      5012821.31000000
3441      5018334.37000000
3442      5023851.64000000
3443      5029373.13000000
3444      5034898.83000000
3445      5040428.74000000
3446      5045962.86000000
3447      5051501.20000000
3448      5057043.76000000
3449      5062590.54000000
3450      5068141.53000000
3451      5073696.75000000
3452      5079256.19000000
3453      5084819.85000000
3454      5090387.73000000
3455      5095959.84000000
3456      5101536.18000000
3457      5107116.74000000
3458      5112701.53000000
3459      5118290.56000000
3460      5123883.81000000
3461      5129481.30000000
3462      5135083.02000000
3463      5140688.97000000
3464      5146299.16000000
3465      5151913.59000000
3466      5157532.26000000
3467      5163155.16000000
3468      5168782.31000000
3469      5174413.70000000
3470      5180049.33000000
3471      5185689.21000000
3472      5191333.33000000
3473      5196981.69000000
3474      5202634.31000000
3475      5208291.17000000
3476      5213952.29000000
3477      5219617.65000000
3478      5225287.27000000
3479      5230961.14000000
3480      5236639.27000000
3481      5242321.65000000
3482      5248008.29000000
3483      5253699.19000000
3484      5259394.34000000
3485      5265093.76000000
3486      5270797.44000000
3487      5276505.38000000
3488      5282217.58000000
3489      5287934.05000000
3490      5293654.79000000
3491      5299379.79000000
3492      5305109.06000000
3493      5310842.61000000
3494      5316580.42000000
3495      5322322.50000000
3496      5328068.86000000
3497      5333819.49000000
3498      5339574.40000000
3499      5345333.58000000
3500      5351097.04000000
