   1           27.82335000
   2           50.94813000
   3           74.23996000
   4           97.57014000
   5          120.91520000
   6          144.26759000
   7          167.62413000
   8          190.98326000
   9          214.34413000
  10          237.70623000
  11          261.06922000
  12          284.43290000
  13          307.79712000
  14          331.16179000
  15          354.52681000
  16          377.89213000
  17          401.25771000
  18          424.62352000
  19          447.98953000
  20          471.35572000
  21          494.72206000
  22          518.08856000
  23          541.45519000
  24          564.82194000
  25          588.18882000
  26          611.55580000
  27          634.92289000
  28          658.29007000
  29          681.65735000
  30          705.02473000
  31          728.39219000
  32          751.75973000
  33          775.12736000
  34          798.49507000
  35          821.86285000
  36          845.23072000
  37          868.59865000
  38          891.96666000
  39          915.33475000
  40          938.70290000
  41          962.07113000
  42          985.43942000
  43         1008.80778000
  44         1032.17621000
  45         1055.54470000
  46         1078.91327000
  47         1102.28189000
  48         1125.65059000
  49         1149.01935000
  50         1172.38818000
  51         1195.75707000
  52         1219.12603000
  53         1242.49506000
  54         1265.86416000
  55         1289.23333000
  56         1312.60258000
  57         1335.97190000
  58         1359.34130000
  59         1382.71079000
  60         1406.08038000
  61         1429.45006000
  62         1452.81985000
  63         1476.18976000
  64         1499.55980000
  65         1522.92999000
  66         1546.30033000
  67         1569.67085000
  68         1593.04157000
  69         1616.41251000
  70         1639.78370000
  71         1663.15518000
  72         1686.52696000
  73         1709.89910000
  74         1733.27162000
  75         1756.64459000
  76         1780.01805000
  77         1803.39205000
  78         1826.76666000
  79         1850.14194000
  80         1873.51796000
  81         1896.89481000
  82         1920.27257000
  83         1943.65133000
  84         1967.03118000
  85         1990.41224000
  86         2013.79461000
  87         2037.17842000
  88         2060.56379000
  89         2083.95085000
  90         2107.33976000
  91         2130.73066000
  92         2154.12371000
  93         2177.51908000
  94         2200.91694000
  95         2224.31749000
  96         2247.72092000
  97         2271.12743000
  98         2294.53724000
  99         2317.95056000
 100         2341.36762000
 101         2364.78868000
 102         2388.21397000
 103         2411.64376000
 104         2435.07830000
 105         2458.51789000
 106         2481.96280000
 107         2505.41334000
 108         2528.86980000
 109         2552.33249000
 110         2575.80175000
 111         2599.27790000
 112         2622.76127000
 113         2646.25223000
 114         2669.75113000
 115         2693.25832000
 116         2716.77419000
 117         2740.29912000
 118         2763.83349000
 119         2787.37771000
 120         2810.93217000
 121         2834.49730000
 122         2858.07351000
 123         2881.66123000
 124         2905.26089000
 125         2928.87294000
 126         2952.49782000
 127         2976.13599000
 128         2999.78791000
 129         3023.45404000
 130         3047.13486000
 131         3070.83085000
 132         3094.54249000
 133         3118.27027000
 134         3142.01469000
 135         3165.77623000
 136         3189.55542000
 137         3213.35276000
 138         3237.16876000
 139         3261.00393000
 140         3284.85881000
 141         3308.73391000
 142         3332.62977000
 143         3356.54692000
 144         3380.48590000
 145         3404.44723000
 146         3428.43147000
 147         3452.43917000
 148         3476.47086000
 149         3500.52710000
 150         3524.60844000
 151         3548.71543000
 152         3572.84864000
 153         3597.00862000
 154         3621.19592000
 155         3645.41112000
 156         3669.65477000
 157         3693.92743000
 158         3718.22968000
 159         3742.56208000
 160         3766.92520000
 161         3791.31960000
 162         3815.74585000
 163         3840.20452000
 164         3864.69618000
 165         3889.22140000
 166         3913.78075000
 167         3938.37479000
 168         3963.00410000
 169         3987.66925000
 170         4012.37081000
 171         4037.10934000
 172         4061.88541000
 173         4086.69959000
 174         4111.55245000
 175         4136.44455000
 176         4161.37646000
 177         4186.34875000
 178         4211.36197000
 179         4236.41669000
 180         4261.51347000
 181         4286.65288000
 182         4311.83547000
 183         4337.06180000
 184         4362.33243000
 185         4387.64791000
 186         4413.00880000
 187         4438.41566000
 188         4463.86902000
 189         4489.36944000
 190         4514.91748000
 191         4540.51368000
 192         4566.15857000
 193         4591.85271000
 194         4617.59665000
 195         4643.39091000
 196         4669.23603000
 197         4695.13256000
 198         4721.08103000
 199         4747.08198000
 200         4773.13592000
 201         4799.24340000
 202         4825.40494000
 203         4851.62106000
 204         4877.89230000
 205         4904.21916000
 206         4930.60218000
 207         4957.04187000
 208         4983.53875000
 209         5010.09333000
 210         5036.70612000
 211         5063.37764000
 212         5090.10839000
 213         5116.89888000
 214         5143.74962000
 215         5170.66110000
 216         5197.63384000
 217         5224.66832000
 218         5251.76504000
 219         5278.92451000
 220         5306.14721000
 221         5333.43363000
 222         5360.78427000
 223         5388.19961000
 224         5415.68013000
 225         5443.22633000
 226         5470.83868000
 227         5498.51766000
 228         5526.26376000
 229         5554.07744000
 230         5581.95919000
 231         5609.90947000
 232         5637.92876000
 233         5666.01752000
 234         5694.17623000
 235         5722.40535000
 236         5750.70534000
 237         5779.07666000
 238         5807.51978000
 239         5836.03515000
 240         5864.62324000
 241         5893.28449000
 242         5922.01936000
 243         5950.82831000
 244         5979.71177000
 245         6008.67022000
 246         6037.70408000
 247         6066.81380000
 248         6095.99984000
 249         6125.26263000
 250         6154.60261000
 251         6184.02023000
 252         6213.51592000
 253         6243.09012000
 254         6272.74326000
 255         6302.47577000
 256         6332.28810000
 257         6362.18067000
 258         6392.15392000
 259         6422.20826000
 260         6452.34412000
 261         6482.56194000
 262         6512.86214000
 263         6543.24513000
 264         6573.71135000
 265         6604.26121000
 266         6634.89513000
 267         6665.61353000
 268         6696.41682000
 269         6727.30543000
 270         6758.27976000
 271         6789.34024000
 272         6820.48727000
 273         6851.72126000
 274         6883.04262000
 275         6914.45177000
 276         6945.94911000
 277         6977.53505000
 278         7009.20999000
 279         7040.97434000
 280         7072.82850000
 281         7104.77288000
 282         7136.80788000
 283         7168.93389000
 284         7201.15133000
 285         7233.46058000
 286         7265.86205000
 287         7298.35613000
 288         7330.94323000
 289         7363.62373000
 290         7396.39804000
 291         7429.26654000
 292         7462.22962000
 293         7495.28770000
 294         7528.44114000
 295         7561.69035000
 296         7595.03572000
 297         7628.47763000
 298         7662.01647000
 299         7695.65264000
 300         7729.38651000
 301         7763.21849000
 302         7797.14894000
 303         7831.17827000
 304         7865.30685000
 305         7899.53506000
 306         7933.86330000
 307         7968.29195000
 308         8002.82138000
 309         8037.45198000
 310         8072.18414000
 311         8107.01823000
 312         8141.95463000
 313         8176.99373000
 314         8212.13590000
 315         8247.38152000
 316         8282.73098000
 317         8318.18464000
 318         8353.74290000
 319         8389.40612000
 320         8425.17468000
 321         8461.04896000
 322         8497.02934000
 323         8533.11618000
 324         8569.30988000
 325         8605.61079000
 326         8642.01931000
 327         8678.53580000
 328         8715.16063000
 329         8751.89418000
 330         8788.73682000
 331         8825.68894000
 332         8862.75089000
 333         8899.92306000
 334         8937.20581000
 335         8974.59952000
 336         9012.10456000
 337         9049.72130000
 338         9087.45011000
 339         9125.29138000
 340         9163.24545000
 341         9201.31272000
 342         9239.49355000
 343         9277.78830000
 344         9316.19736000
 345         9354.72109000
 346         9393.35986000
 347         9432.11404000
 348         9470.98400000
 349         9509.97012000
 350         9549.07276000
 351         9588.29229000
 352         9627.62908000
 353         9667.08351000
 354         9706.65594000
 355         9746.34674000
 356         9786.15628000
 357         9826.08493000
 358         9866.13307000
 359         9906.30105000
 360         9946.58925000
 361         9986.99805000
 362        10027.52780000
 363        10068.17890000
 364        10108.95170000
 365        10149.84650000
 366        10190.86380000
 367        10232.00390000
 368        10273.26720000
 369        10314.65400000
 370        10356.16470000
 371        10397.79970000
 372        10439.55940000
 373        10481.44410000
 374        10523.45420000
 375        10565.59010000
 376        10607.85210000
 377        10650.24060000
 378        10692.75600000
 379        10735.39870000
 380        10778.16900000
 381        10821.06720000
 382        10864.09390000
 383        10907.24920000
 384        10950.53370000
 385        10993.94760000
 386        11037.49150000
 387        11081.16550000
 388        11124.97010000
 389        11168.90570000
 390        11212.97260000
 391        11257.17130000
 392        11301.50200000
 393        11345.96520000
 394        11390.56120000
 395        11435.29050000
 396        11480.15330000
 397        11525.15000000
 398        11570.28110000
 399        11615.54690000
 400        11660.94780000
 401        11706.48420000
 402        11752.15630000
 403        11797.96470000
 404        11843.90970000
 405        11889.99160000
 406        11936.21080000
 407        11982.56780000
 408        12029.06280000
 409        12075.69630000
 410        12122.46870000
 411        12169.38030000
 412        12216.43150000
 413        12263.62260000
 414        12310.95410000
 415        12358.42640000
 416        12406.03970000
 417        12453.79460000
 418        12501.69140000
 419        12549.73040000
 420        12597.91200000
 421        12646.23660000
 422        12694.70470000
 423        12743.31650000
 424        12792.07250000
 425        12840.97310000
 426        12890.01860000
 427        12939.20940000
 428        12988.54590000
 429        13038.02840000
 430        13087.65750000
 431        13137.43340000
 432        13187.35650000
 433        13237.42730000
 434        13287.64600000
 435        13338.01320000
 436        13388.52910000
 437        13439.19420000
 438        13490.00890000
 439        13540.97350000
 440        13592.08840000
 441        13643.35410000
 442        13694.77090000
 443        13746.33920000
 444        13798.05940000
 445        13849.93180000
 446        13901.95690000
 447        13954.13510000
 448        14006.46680000
 449        14058.95230000
 450        14111.59210000
 451        14164.38640000
 452        14217.33590000
 453        14270.44070000
 454        14323.70140000
 455        14377.11820000
 456        14430.69170000
 457        14484.42220000
 458        14538.31010000
 459        14592.35580000
 460        14646.55970000
 461        14700.92220000
 462        14755.44360000
 463        14810.12450000
 464        14864.96520000
 465        14919.96600000
 466        14975.12750000
 467        15030.44990000
 468        15085.93380000
 469        15141.57940000
 470        15197.38720000
 471        15253.35770000
 472        15309.49110000
 473        15365.78790000
 474        15422.24860000
 475        15478.87350000
 476        15535.66300000
 477        15592.61750000
 478        15649.73750000
 479        15707.02330000
 480        15764.47540000
 481        15822.09410000
 482        15879.88000000
 483        15937.83320000
 484        15995.95440000
 485        16054.24390000
 486        16112.70200000
 487        16171.32930000
 488        16230.12620000
 489        16289.09290000
 490        16348.23010000
 491        16407.53800000
 492        16467.01710000
 493        16526.66770000
 494        16586.49040000
 495        16646.48560000
 496        16706.65360000
 497        16766.99480000
 498        16827.50970000
 499        16888.19880000
 500        16949.06230000
 501        17010.10080000
 502        17071.31460000
 503        17132.70420000
 504        17194.27010000
 505        17256.01250000
 506        17317.93200000
 507        17380.02890000
 508        17442.30380000
 509        17504.75690000
 510        17567.38880000
 511        17630.19980000
 512        17693.19050000
 513        17756.36110000
 514        17819.71220000
 515        17883.24410000
 516        17946.95740000
 517        18010.85230000
 518        18074.92950000
 519        18139.18920000
 520        18203.63190000
 521        18268.25800000
 522        18333.06810000
 523        18398.06240000
 524        18463.24150000
 525        18528.60580000
 526        18594.15560000
 527        18659.89150000
 528        18725.81390000
 529        18791.92320000
 530        18858.21990000
 531        18924.70430000
 532        18991.37700000
 533        19058.23830000
 534        19125.28870000
 535        19192.52870000
 536        19259.95870000
 537        19327.57910000
 538        19395.39030000
 539        19463.39290000
 540        19531.58720000
 541        19599.97370000
 542        19668.55280000
 543        19737.32500000
 544        19806.29070000
 545        19875.45050000
 546        19944.80460000
 547        20014.35360000
 548        20084.09790000
 549        20154.03800000
 550        20224.17430000
 551        20294.50730000
 552        20365.03730000
 553        20435.76500000
 554        20506.69060000
 555        20577.81480000
 556        20649.13780000
 557        20720.66020000
 558        20792.38250000
 559        20864.30500000
 560        20936.42830000
 561        21008.75280000
 562        21081.27890000
 563        21154.00720000
 564        21226.93800000
 565        21300.07180000
 566        21373.40920000
 567        21446.95050000
 568        21520.69620000
 569        21594.64670000
 570        21668.80260000
 571        21743.16430000
 572        21817.73230000
 573        21892.50700000
 574        21967.48890000
 575        22042.67840000
 576        22118.07610000
 577        22193.68240000
 578        22269.49770000
 579        22345.52260000
 580        22421.75740000
 581        22498.20270000
 582        22574.85900000
 583        22651.72660000
 584        22728.80620000
 585        22806.09810000
 586        22883.60280000
 587        22961.32080000
 588        23039.25270000
 589        23117.39870000
 590        23195.75950000
 591        23274.33550000
 592        23353.12720000
 593        23432.13500000
 594        23511.35950000
 595        23590.80110000
 596        23670.46020000
 597        23750.33750000
 598        23830.43330000
 599        23910.74820000
 600        23991.28260000
 601        24072.03700000
 602        24153.01200000
 603        24234.20790000
 604        24315.62520000
 605        24397.26450000
 606        24479.12630000
 607        24561.21100000
 608        24643.51910000
 609        24726.05110000
 610        24808.80750000
 611        24891.78880000
 612        24974.99550000
 613        25058.42800000
 614        25142.08700000
 615        25225.97280000
 616        25310.08590000
 617        25394.42690000
 618        25478.99620000
 619        25563.79440000
 620        25648.82190000
 621        25734.07930000
 622        25819.56700000
 623        25905.28550000
 624        25991.23540000
 625        26077.41710000
 626        26163.83110000
 627        26250.47800000
 628        26337.35820000
 629        26424.47230000
 630        26511.82080000
 631        26599.40410000
 632        26687.22270000
 633        26775.27730000
 634        26863.56820000
 635        26952.09600000
 636        27040.86120000
 637        27129.86430000
 638        27219.10590000
 639        27308.58630000
 640        27398.30620000
 641        27488.26610000
 642        27578.46650000
 643        27668.90780000
 644        27759.59060000
 645        27850.51540000
 646        27941.68280000
 647        28033.09320000
 648        28124.74720000
 649        28216.64520000
 650        28308.78790000
 651        28401.17570000
 652        28493.80920000
 653        28586.68880000
 654        28679.81510000
 655        28773.18860000
 656        28866.80980000
 657        28960.67930000
 658        29054.79760000
 659        29149.16530000
 660        29243.78270000
 661        29338.65060000
 662        29433.76930000
 663        29529.13940000
 664        29624.76160000
 665        29720.63620000
 666        29816.76380000
 667        29913.14500000
 668        30009.78020000
 669        30106.67010000
 670        30203.81510000
 671        30301.21590000
 672        30398.87280000
 673        30496.78650000
 674        30594.95760000
 675        30693.38640000
 676        30792.07370000
 677        30891.01980000
 678        30990.22540000
 679        31089.69110000
 680        31189.41720000
 681        31289.40450000
 682        31389.65340000
 683        31490.16440000
 684        31590.93820000
 685        31691.97530000
 686        31793.27610000
 687        31894.84140000
 688        31996.67150000
 689        32098.76710000
 690        32201.12870000
 691        32303.75690000
 692        32406.65220000
 693        32509.81510000
 694        32613.24630000
 695        32716.94630000
 696        32820.91550000
 697        32925.15470000
 698        33029.66430000
 699        33134.44490000
 700        33239.49710000
 701        33344.82130000
 702        33450.41830000
 703        33556.28850000
 704        33662.43240000
 705        33768.85080000
 706        33875.54400000
 707        33982.51280000
 708        34089.75760000
 709        34197.27900000
 710        34305.07750000
 711        34413.15390000
 712        34521.50850000
 713        34630.14200000
 714        34739.05500000
 715        34848.24800000
 716        34957.72160000
 717        35067.47640000
 718        35177.51290000
 719        35287.83170000
 720        35398.43330000
 721        35509.31850000
 722        35620.48770000
 723        35731.94140000
 724        35843.68040000
 725        35955.70510000
 726        36068.01620000
 727        36180.61420000
 728        36293.49970000
 729        36406.67330000
 730        36520.13560000
 731        36633.88710000
 732        36747.92840000
 733        36862.26020000
 734        36976.88290000
 735        37091.79730000
 736        37207.00380000
 737        37322.50310000
 738        37438.29570000
 739        37554.38230000
 740        37670.76340000
 741        37787.43960000
 742        37904.41160000
 743        38021.67980000
 744        38139.24500000
 745        38257.10760000
 746        38375.26830000
 747        38493.72780000
 748        38612.48640000
 749        38731.54500000
 750        38850.90410000
 751        38970.56420000
 752        39090.52600000
 753        39210.79010000
 754        39331.35700000
 755        39452.22750000
 756        39573.40200000
 757        39694.88120000
 758        39816.66570000
 759        39938.75610000
 760        40061.15300000
 761        40183.85700000
 762        40306.86870000
 763        40430.18880000
 764        40553.81780000
 765        40677.75640000
 766        40802.00510000
 767        40926.56460000
 768        41051.43540000
 769        41176.61830000
 770        41302.11380000
 771        41427.92250000
 772        41554.04510000
 773        41680.48210000
 774        41807.23420000
 775        41934.30210000
 776        42061.68620000
 777        42189.38730000
 778        42317.40590000
 779        42445.74280000
 780        42574.39840000
 781        42703.37350000
 782        42832.66870000
 783        42962.28450000
 784        43092.22160000
 785        43222.48070000
 786        43353.06230000
 787        43483.96720000
 788        43615.19580000
 789        43746.74900000
 790        43878.62720000
 791        44010.83110000
 792        44143.36140000
 793        44276.21870000
 794        44409.40360000
 795        44542.91670000
 796        44676.75880000
 797        44810.93040000
 798        44945.43220000
 799        45080.26470000
 800        45215.42880000
 801        45350.92490000
 802        45486.75370000
 803        45622.91600000
 804        45759.41220000
 805        45896.24320000
 806        46033.40940000
 807        46170.91160000
 808        46308.75040000
 809        46446.92650000
 810        46585.44040000
 811        46724.29290000
 812        46863.48460000
 813        47003.01620000
 814        47142.88820000
 815        47283.10150000
 816        47423.65650000
 817        47564.55400000
 818        47705.79460000
 819        47847.37900000
 820        47989.30780000
 821        48131.58180000
 822        48274.20150000
 823        48417.16760000
 824        48560.48070000
 825        48704.14170000
 826        48848.15100000
 827        48992.50930000
 828        49137.21740000
 829        49282.27590000
 830        49427.68550000
 831        49573.44680000
 832        49719.56040000
 833        49866.02720000
 834        50012.84760000
 835        50160.02250000
 836        50307.55240000
 837        50455.43810000
 838        50603.68020000
 839        50752.27940000
 840        50901.23630000
 841        51050.55180000
 842        51200.22630000
 843        51350.26060000
 844        51500.65540000
 845        51651.41130000
 846        51802.52910000
 847        51954.00940000
 848        52105.85290000
 849        52258.06030000
 850        52410.63230000
 851        52563.56940000
 852        52716.87260000
 853        52870.54230000
 854        53024.57940000
 855        53178.98440000
 856        53333.75820000
 857        53488.90130000
 858        53644.41450000
 859        53800.29840000
 860        53956.55380000
 861        54113.18130000
 862        54270.18170000
 863        54427.55560000
 864        54585.30370000
 865        54743.42680000
 866        54901.92550000
 867        55060.80050000
 868        55220.05250000
 869        55379.68220000
 870        55539.69040000
 871        55700.07770000
 872        55860.84490000
 873        56021.99250000
 874        56183.52140000
 875        56345.43230000
 876        56507.72580000
 877        56670.40270000
 878        56833.46360000
 879        56996.90930000
 880        57160.74050000
 881        57324.95790000
 882        57489.56220000
 883        57654.55420000
 884        57819.93450000
 885        57985.70380000
 886        58151.86290000
 887        58318.41250000
 888        58485.35340000
 889        58652.68610000
 890        58820.41150000
 891        58988.53020000
 892        59157.04300000
 893        59325.95070000
 894        59495.25390000
 895        59664.95330000
 896        59835.04970000
 897        60005.54380000
 898        60176.43640000
 899        60347.72810000
 900        60519.41970000
 901        60691.51190000
 902        60864.00550000
 903        61036.90110000
 904        61210.19960000
 905        61383.90160000
 906        61558.00790000
 907        61732.51930000
 908        61907.43630000
 909        62082.75990000
 910        62258.49070000
 911        62434.62950000
 912        62611.17690000
 913        62788.13380000
 914        62965.50090000
 915        63143.27900000
 916        63321.46870000
 917        63500.07080000
 918        63679.08610000
 919        63858.51530000
 920        64038.35920000
 921        64218.61840000
 922        64399.29390000
 923        64580.38620000
 924        64761.89620000
 925        64943.82460000
 926        65126.17210000
 927        65308.93960000
 928        65492.12770000
 929        65675.73730000
 930        65859.76900000
 931        66044.22370000
 932        66229.10210000
 933        66414.40490000
 934        66600.13300000
 935        66786.28700000
 936        66972.86780000
 937        67159.87600000
 938        67347.31260000
 939        67535.17810000
 940        67723.47350000
 941        67912.19940000
 942        68101.35670000
 943        68290.94600000
 944        68480.96830000
 945        68671.42410000
 946        68862.31440000
 947        69053.63990000
 948        69245.40130000
 949        69437.59940000
 950        69630.23510000
 951        69823.30900000
 952        70016.82200000
 953        70210.77490000
 954        70405.16830000
 955        70600.00320000
 956        70795.28020000
 957        70991.00020000
 958        71187.16390000
 959        71383.77220000
 960        71580.82570000
 961        71778.32540000
 962        71976.27200000
 963        72174.66620000
 964        72373.50890000
 965        72572.80080000
 966        72772.54280000
 967        72972.73560000
 968        73173.38000000
 969        73374.47680000
 970        73576.02690000
 971        73778.03090000
 972        73980.48980000
 973        74183.40430000
 974        74386.77510000
 975        74590.60320000
 976        74794.88920000
 977        74999.63410000
 978        75204.83850000
 979        75410.50340000
 980        75616.62940000
 981        75823.21750000
 982        76030.26840000
 983        76237.78290000
 984        76445.76180000
 985        76654.20600000
 986        76863.11620000
 987        77072.49330000
 988        77282.33810000
 989        77492.65130000
 990        77703.43390000
 991        77914.68650000
 992        78126.41010000
 993        78338.60550000
 994        78551.27330000
 995        78764.41460000
 996        78978.03010000
 997        79192.12060000
 998        79406.68690000
 999        79621.72990000
1000        79837.25040000
1001        80053.24920000
1002        80269.72710000
1003        80486.68500000
1004        80704.12360000
1005        80922.04390000
1006        81140.44670000
1007        81359.33270000
1008        81578.70280000
1009        81798.55790000
1010        82018.89870000
1011        82239.72610000
1012        82461.04100000
1013        82682.84420000
1014        82905.13650000
1015        83127.91870000
1016        83351.19170000
1017        83574.95630000
1018        83799.21350000
1019        84023.96390000
1020        84249.20850000
1021        84474.94810000
1022        84701.18350000
1023        84927.91560000
1024        85155.14530000
1025        85382.87330000
1026        85611.10060000
1027        85839.82800000
1028        86069.05630000
1029        86298.78630000
1030        86529.01910000
1031        86759.75530000
1032        86990.99580000
1033        87222.74160000
1034        87454.99340000
1035        87687.75210000
1036        87921.01870000
1037        88154.79380000
1038        88389.07840000
1039        88623.87340000
1040        88859.17970000
1041        89094.99800000
1042        89331.32920000
1043        89568.17430000
1044        89805.53400000
1045        90043.40930000
1046        90281.80100000
1047        90520.71000000
1048        90760.13720000
1049        91000.08340000
1050        91240.54950000
1051        91481.53630000
1052        91723.04480000
1053        91965.07590000
1054        92207.63030000
1055        92450.70900000
1056        92694.31290000
1057        92938.44280000
1058        93183.09960000
1059        93428.28430000
1060        93673.99760000
1061        93920.24050000
1062        94167.01380000
1063        94414.31840000
1064        94662.15530000
1065        94910.52530000
1066        95159.42930000
1067        95408.86820000
1068        95658.84290000
1069        95909.35420000
1070        96160.40310000
1071        96411.99050000
1072        96664.11720000
1073        96916.78420000
1074        97169.99230000
1075        97423.74240000
1076        97678.03550000
1077        97932.87250000
1078        98188.25420000
1079        98444.18150000
1080        98700.65540000
1081        98957.67670000
1082        99215.24640000
1083        99473.36530000
1084        99732.03440000
1085        99991.25460000
1086       100251.02700000
1087       100511.35200000
1088       100772.23100000
1089       101033.66400000
1090       101295.65400000
1091       101558.19900000
1092       101821.30300000
1093       102084.96400000
1094       102349.18500000
1095       102613.96600000
1096       102879.30900000
1097       103145.21300000
1098       103411.68000000
1099       103678.71100000
1100       103946.30700000
1101       104214.46900000
1102       104483.19800000
1103       104752.49400000
1104       105022.35800000
1105       105292.79200000
1106       105563.79700000
1107       105835.37200000
1108       106107.52000000
1109       106380.24100000
1110       106653.53700000
1111       106927.40700000
1112       107201.85300000
1113       107476.87600000
1114       107752.47700000
1115       108028.65700000
1116       108305.41700000
1117       108582.75700000
1118       108860.67900000
1119       109139.18300000
1120       109418.27100000
1121       109697.94400000
1122       109978.20200000
1123       110259.04600000
1124       110540.47700000
1125       110822.49700000
1126       111105.10600000
1127       111388.30500000
1128       111672.09500000
1129       111956.47700000
1130       112241.45200000
1131       112527.02100000
1132       112813.18500000
1133       113099.94500000
1134       113387.30200000
1135       113675.25600000
1136       113963.80900000
1137       114252.96200000
1138       114542.71600000
1139       114833.07100000
1140       115124.02900000
1141       115415.59100000
1142       115707.75700000
1143       116000.52800000
1144       116293.90600000
1145       116587.89100000
1146       116882.48500000
1147       117177.68900000
1148       117473.50200000
1149       117769.92700000
1150       118066.96400000
1151       118364.61500000
1152       118662.88000000
1153       118961.76000000
1154       119261.25600000
1155       119561.36900000
1156       119862.10100000
1157       120163.45200000
1158       120465.42300000
1159       120768.01500000
1160       121071.22900000
1161       121375.06700000
1162       121679.52800000
1163       121984.61500000
1164       122290.32700000
1165       122596.66700000
1166       122903.63500000
1167       123211.23200000
1168       123519.45800000
1169       123828.31600000
1170       124137.80600000
1171       124447.92900000
1172       124758.68600000
1173       125070.07800000
1174       125382.10700000
1175       125694.77200000
1176       126008.07500000
1177       126322.01700000
1178       126636.60000000
1179       126951.82300000
1180       127267.68800000
1181       127584.19700000
1182       127901.35000000
1183       128219.14700000
1184       128537.59100000
1185       128856.68200000
1186       129176.42100000
1187       129496.80900000
1188       129817.84800000
1189       130139.53700000
1190       130461.87900000
1191       130784.87400000
1192       131108.52300000
1193       131432.82800000
1194       131757.78900000
1195       132083.40700000
1196       132409.68300000
1197       132736.61900000
1198       133064.21500000
1199       133392.47300000
1200       133721.39300000
1201       134050.97600000
1202       134381.22400000
1203       134712.13800000
1204       135043.71800000
1205       135375.96500000
1206       135708.88200000
1207       136042.46800000
1208       136376.72400000
1209       136711.65300000
1210       137047.25400000
1211       137383.52900000
1212       137720.47900000
1213       138058.10500000
1214       138396.40800000
1215       138735.38800000
1216       139075.04800000
1217       139415.38800000
1218       139756.40900000
1219       140098.11300000
1220       140440.49900000
1221       140783.57000000
1222       141127.32600000
1223       141471.76900000
1224       141816.89900000
1225       142162.71700000
1226       142509.22500000
1227       142856.42400000
1228       143204.31400000
1229       143552.89800000
1230       143902.17500000
1231       144252.14600000
1232       144602.81400000
1233       144954.17900000
1234       145306.24200000
1235       145659.00400000
1236       146012.46600000
1237       146366.62900000
1238       146721.49500000
1239       147077.06400000
1240       147433.33800000
1241       147790.31700000
1242       148148.00300000
1243       148506.39700000
1244       148865.49900000
1245       149225.31100000
1246       149585.83400000
1247       149947.07000000
1248       150309.01800000
1249       150671.68000000
1250       151035.05800000
1251       151399.15200000
1252       151763.96300000
1253       152129.49300000
1254       152495.74300000
1255       152862.71300000
1256       153230.40500000
1257       153598.82000000
1258       153967.95900000
1259       154337.82300000
1260       154708.41400000
1261       155079.73100000
1262       155451.77700000
1263       155824.55200000
1264       156198.05800000
1265       156572.29500000
1266       156947.26500000
1267       157322.97000000
1268       157699.40800000
1269       158076.58400000
1270       158454.49600000
1271       158833.14600000
1272       159212.53600000
1273       159592.66600000
1274       159973.53800000
1275       160355.15300000
1276       160737.51100000
1277       161120.61500000
1278       161504.46400000
1279       161889.06100000
1280       162274.40600000
1281       162660.50000000
1282       163047.34500000
1283       163434.94100000
1284       163823.29000000
1285       164212.39400000
1286       164602.25200000
1287       164992.86600000
1288       165384.23700000
1289       165776.36700000
1290       166169.25600000
1291       166562.90600000
1292       166957.31800000
1293       167352.49300000
1294       167748.43100000
1295       168145.13500000
1296       168542.60500000
1297       168940.84300000
1298       169339.84900000
1299       169739.62500000
1300       170140.17100000
1301       170541.49000000
1302       170943.58200000
1303       171346.44800000
1304       171750.08900000
1305       172154.50700000
1306       172559.70300000
1307       172965.67800000
1308       173372.43200000
1309       173779.96800000
1310       174188.28600000
1311       174597.38700000
1312       175007.27300000
1313       175417.94500000
1314       175829.40400000
1315       176241.65100000
1316       176654.68700000
1317       177068.51300000
1318       177483.13100000
1319       177898.54200000
1320       178314.74600000
1321       178731.74600000
1322       179149.54100000
1323       179568.13400000
1324       179987.52600000
1325       180407.71700000
1326       180828.70900000
1327       181250.50300000
1328       181673.10000000
1329       182096.50200000
1330       182520.70900000
1331       182945.72300000
1332       183371.54500000
1333       183798.17600000
1334       184225.61700000
1335       184653.86900000
1336       185082.93500000
1337       185512.81300000
1338       185943.50700000
1339       186375.01700000
1340       186807.34500000
1341       187240.49000000
1342       187674.45600000
1343       188109.24200000
1344       188544.85100000
1345       188981.28300000
1346       189418.53900000
1347       189856.62100000
1348       190295.52900000
1349       190735.26600000
1350       191175.83200000
1351       191617.22800000
1352       192059.45600000
1353       192502.51700000
1354       192946.41200000
1355       193391.14200000
1356       193836.70900000
1357       194283.11300000
1358       194730.35600000
1359       195178.43900000
1360       195627.36300000
1361       196077.13000000
1362       196527.74000000
1363       196979.19600000
1364       197431.49700000
1365       197884.64600000
1366       198338.64300000
1367       198793.49000000
1368       199249.18800000
1369       199705.73800000
1370       200163.14100000
1371       200621.39900000
1372       201080.51300000
1373       201540.48400000
1374       202001.31300000
1375       202463.00200000
1376       202925.55100000
1377       203388.96200000
1378       203853.23700000
1379       204318.37600000
1380       204784.38000000
1381       205251.25100000
1382       205718.99100000
1383       206187.60000000
1384       206657.07900000
1385       207127.43000000
1386       207598.65400000
1387       208070.75300000
1388       208543.72700000
1389       209017.57700000
1390       209492.30600000
1391       209967.91400000
1392       210444.40200000
1393       210921.77200000
1394       211400.02500000
1395       211879.16300000
1396       212359.18600000
1397       212840.09500000
1398       213321.89300000
1399       213804.57900000
1400       214288.15600000
1401       214772.62500000
1402       215257.98700000
1403       215744.24300000
1404       216231.39500000
1405       216719.44300000
1406       217208.38900000
1407       217698.23500000
1408       218188.98100000
1409       218680.62900000
1410       219173.18000000
1411       219666.63500000
1412       220160.99600000
1413       220656.26400000
1414       221152.44000000
1415       221649.52500000
1416       222147.52100000
1417       222646.42900000
1418       223146.25000000
1419       223646.98600000
1420       224148.63800000
1421       224651.20600000
1422       225154.69300000
1423       225659.09900000
1424       226164.42700000
1425       226670.67600000
1426       227177.84900000
1427       227685.94700000
1428       228194.97100000
1429       228704.92200000
1430       229215.80100000
1431       229727.61100000
1432       230240.35100000
1433       230754.02500000
1434       231268.63200000
1435       231784.17400000
1436       232300.65200000
1437       232818.06800000
1438       233336.42300000
1439       233855.71800000
1440       234375.95500000
1441       234897.13400000
1442       235419.25800000
1443       235942.32700000
1444       236466.34300000
1445       236991.30700000
1446       237517.22000000
1447       238044.08400000
1448       238571.90000000
1449       239100.66900000
1450       239630.39300000
1451       240161.07300000
1452       240692.71000000
1453       241225.30600000
1454       241758.86100000
1455       242293.37700000
1456       242828.85700000
1457       243365.29900000
1458       243902.70700000
1459       244441.08200000
1460       244980.42400000
1461       245520.73500000
1462       246062.01700000
1463       246604.27100000
1464       247147.49700000
1465       247691.69800000
1466       248236.87500000
1467       248783.02900000
1468       249330.16100000
1469       249878.27300000
1470       250427.36600000
1471       250977.44100000
1472       251528.50000000
1473       252080.54500000
1474       252633.57500000
1475       253187.59400000
1476       253742.60100000
1477       254298.59900000
1478       254855.58900000
1479       255413.57200000
1480       255972.54900000
1481       256532.52200000
1482       257093.49300000
1483       257655.46200000
1484       258218.43000000
1485       258782.40000000
1486       259347.37300000
1487       259913.35000000
1488       260480.33100000
1489       261048.32000000
1490       261617.31600000
1491       262187.32200000
1492       262758.33900000
1493       263330.36700000
1494       263903.40900000
1495       264477.46600000
1496       265052.53900000
1497       265628.63000000
1498       266205.74000000
1499       266783.87000000
1500       267363.02100000
1501       267943.19600000
1502       268524.39400000
1503       269106.61900000
1504       269689.87100000
1505       270274.15100000
1506       270859.46200000
1507       271445.80300000
1508       272033.17700000
1509       272621.58500000
1510       273211.02900000
1511       273801.51000000
1512       274393.02800000
1513       274985.58600000
1514       275579.18500000
1515       276173.82700000
1516       276769.51200000
1517       277366.24200000
1518       277964.01900000
1519       278562.84400000
1520       279162.71800000
1521       279763.64300000
1522       280365.62000000
1523       280968.65000000
1524       281572.73500000
1525       282177.87600000
1526       282784.07600000
1527       283391.33400000
1528       283999.65300000
1529       284609.03300000
1530       285219.47700000
1531       285830.98600000
1532       286443.56000000
1533       287057.20300000
1534       287671.91400000
1535       288287.69500000
1536       288904.54800000
1537       289522.47500000
1538       290141.47600000
1539       290761.55300000
1540       291382.70700000
1541       292004.94000000
1542       292628.25400000
1543       293252.64900000
1544       293878.12700000
1545       294504.69000000
1546       295132.33900000
1547       295761.07500000
1548       296390.90000000
1549       297021.81500000
1550       297653.82100000
1551       298286.92100000
1552       298921.11500000
1553       299556.40600000
1554       300192.79300000
1555       300830.28000000
1556       301468.86600000
1557       302108.55500000
1558       302749.34600000
1559       303391.24200000
1560       304034.24400000
1561       304678.35400000
1562       305323.57200000
1563       305969.90100000
1564       306617.34100000
1565       307265.89500000
1566       307915.56300000
1567       308566.34700000
1568       309218.24900000
1569       309871.27000000
1570       310525.41200000
1571       311180.67500000
1572       311837.06200000
1573       312494.57400000
1574       313153.21200000
1575       313812.97700000
1576       314473.87200000
1577       315135.89800000
1578       315799.05600000
1579       316463.34700000
1580       317128.77300000
1581       317795.33600000
1582       318463.03700000
1583       319131.87700000
1584       319801.85800000
1585       320472.98200000
1586       321145.25000000
1587       321818.66200000
1588       322493.22200000
1589       323168.93000000
1590       323845.78800000
1591       324523.79700000
1592       325202.95800000
1593       325883.27400000
1594       326564.74600000
1595       327247.37400000
1596       327931.16200000
1597       328616.10900000
1598       329302.21800000
1599       329989.49100000
1600       330677.92700000
1601       331367.53000000
1602       332058.30100000
1603       332750.24000000
1604       333443.35000000
1605       334137.63200000
1606       334833.08800000
1607       335529.71900000
1608       336227.52600000
1609       336926.51100000
1610       337626.67600000
1611       338328.02200000
1612       339030.55000000
1613       339734.26200000
1614       340439.16000000
1615       341145.24500000
1616       341852.51900000
1617       342560.98200000
1618       343270.63700000
1619       343981.48600000
1620       344693.52800000
1621       345406.76700000
1622       346121.20400000
1623       346836.83900000
1624       347553.67600000
1625       348271.71400000
1626       348990.95600000
1627       349711.40400000
1628       350433.05800000
1629       351155.92000000
1630       351879.99200000
1631       352605.27600000
1632       353331.77200000
1633       354059.48200000
1634       354788.40900000
1635       355518.55300000
1636       356249.91500000
1637       356982.49800000
1638       357716.30400000
1639       358451.33200000
1640       359187.58600000
1641       359925.06700000
1642       360663.77500000
1643       361403.71300000
1644       362144.88300000
1645       362887.28500000
1646       363630.92100000
1647       364375.79400000
1648       365121.90300000
1649       365869.25200000
1650       366617.84100000
1651       367367.67200000
1652       368118.74700000
1653       368871.06600000
1654       369624.63300000
1655       370379.44800000
1656       371135.51200000
1657       371892.82800000
1658       372651.39600000
1659       373411.22000000
1660       374172.29900000
1661       374934.63500000
1662       375698.23100000
1663       376463.08800000
1664       377229.20600000
1665       377996.58900000
1666       378765.23700000
1667       379535.15200000
1668       380306.33500000
1669       381078.78800000
1670       381852.51400000
1671       382627.51200000
1672       383403.78500000
1673       384181.33400000
1674       384960.16200000
1675       385740.26900000
1676       386521.65700000
1677       387304.32700000
1678       388088.28200000
1679       388873.52300000
1680       389660.05100000
1681       390447.86800000
1682       391236.97600000
1683       392027.37600000
1684       392819.06900000
1685       393612.05800000
1686       394406.34400000
1687       395201.92800000
1688       395998.81300000
1689       396796.99900000
1690       397596.48800000
1691       398397.28300000
1692       399199.38400000
1693       400002.79200000
1694       400807.51100000
1695       401613.54100000
1696       402420.88300000
1697       403229.54100000
1698       404039.51400000
1699       404850.80500000
1700       405663.41500000
1701       406477.34600000
1702       407292.59900000
1703       408109.17700000
1704       408927.08000000
1705       409746.31100000
1706       410566.87000000
1707       411388.76100000
1708       412211.98300000
1709       413036.53900000
1710       413862.43000000
1711       414689.65900000
1712       415518.22600000
1713       416348.13300000
1714       417179.38200000
1715       418011.97500000
1716       418845.91200000
1717       419681.19700000
1718       420517.83000000
1719       421355.81200000
1720       422195.14700000
1721       423035.83500000
1722       423877.87700000
1723       424721.27600000
1724       425566.03300000
1725       426412.15000000
1726       427259.62800000
1727       428108.47000000
1728       428958.67600000
1729       429810.24800000
1730       430663.18800000
1731       431517.49800000
1732       432373.17900000
1733       433230.23300000
1734       434088.66100000
1735       434948.46600000
1736       435809.64800000
1737       436672.21000000
1738       437536.15300000
1739       438401.47900000
1740       439268.18900000
1741       440136.28500000
1742       441005.76900000
1743       441876.64200000
1744       442748.90600000
1745       443622.56300000
1746       444497.61400000
1747       445374.06100000
1748       446251.90600000
1749       447131.15000000
1750       448011.79500000
1751       448893.84300000
1752       449777.29500000
1753       450662.15300000
1754       451548.41800000
1755       452436.09300000
1756       453325.17900000
1757       454215.67700000
1758       455107.59000000
1759       456000.91900000
1760       456895.66500000
1761       457791.83000000
1762       458689.41700000
1763       459588.42600000
1764       460488.86000000
1765       461390.71900000
1766       462294.00700000
1767       463198.72300000
1768       464104.87100000
1769       465012.45200000
1770       465921.46700000
1771       466831.91800000
1772       467743.80600000
1773       468657.13500000
1774       469571.90400000
1775       470488.11700000
1776       471405.77400000
1777       472324.87700000
1778       473245.42800000
1779       474167.42900000
1780       475090.88100000
1781       476015.78600000
1782       476942.14600000
1783       477869.96200000
1784       478799.23600000
1785       479729.97000000
1786       480662.16600000
1787       481595.82500000
1788       482530.94900000
1789       483467.53900000
1790       484405.59800000
1791       485345.12700000
1792       486286.12800000
1793       487228.60200000
1794       488172.55100000
1795       489117.97700000
1796       490064.88200000
1797       491013.26700000
1798       491963.13400000
1799       492914.48500000
1800       493867.32200000
1801       494821.64500000
1802       495777.45800000
1803       496734.76100000
1804       497693.55600000
1805       498653.84600000
1806       499615.63100000
1807       500578.91400000
1808       501543.69600000
1809       502509.97900000
1810       503477.76400000
1811       504447.05500000
1812       505417.85100000
1813       506390.15500000
1814       507363.96900000
1815       508339.29400000
1816       509316.13200000
1817       510294.48500000
1818       511274.35500000
1819       512255.74300000
1820       513238.65100000
1821       514223.08100000
1822       515209.03400000
1823       516196.51300000
1824       517185.51800000
1825       518176.05200000
1826       519168.11700000
1827       520161.71400000
1828       521156.84500000
1829       522153.51200000
1830       523151.71600000
1831       524151.46000000
1832       525152.74400000
1833       526155.57200000
1834       527159.94400000
1835       528165.86200000
1836       529173.32800000
1837       530182.34300000
1838       531192.91100000
1839       532205.03100000
1840       533218.70700000
1841       534233.94000000
1842       535250.73100000
1843       536269.08200000
1844       537288.99600000
1845       538310.47300000
1846       539333.51600000
1847       540358.12600000
1848       541384.30600000
1849       542412.05700000
1850       543441.38000000
1851       544472.27800000
1852       545504.75200000
1853       546538.80400000
1854       547574.43500000
1855       548611.64900000
1856       549650.44600000
1857       550690.82800000
1858       551732.79600000
1859       552776.35400000
1860       553821.50200000
1861       554868.24200000
1862       555916.57700000
1863       556966.50700000
1864       558018.03500000
1865       559071.16200000
1866       560125.89000000
1867       561182.22200000
1868       562240.15800000
1869       563299.70100000
1870       564360.85200000
1871       565423.61300000
1872       566487.98700000
1873       567553.97400000
1874       568621.57600000
1875       569690.79600000
1876       570761.63500000
1877       571834.09500000
1878       572908.17800000
1879       573983.88500000
1880       575061.21800000
1881       576140.18000000
1882       577220.77200000
1883       578302.99500000
1884       579386.85200000
1885       580472.34400000
1886       581559.47400000
1887       582648.24200000
1888       583738.65200000
1889       584830.70300000
1890       585924.40000000
1891       587019.74200000
1892       588116.73300000
1893       589215.37300000
1894       590315.66600000
1895       591417.61100000
1896       592521.21200000
1897       593626.47000000
1898       594733.38800000
1899       595841.96500000
1900       596952.20600000
1901       598064.11100000
1902       599177.68200000
1903       600292.92100000
1904       601409.83100000
1905       602528.41200000
1906       603648.66600000
1907       604770.59600000
1908       605894.20300000
1909       607019.48900000
1910       608146.45600000
1911       609275.10600000
1912       610405.44000000
1913       611537.46100000
1914       612671.17000000
1915       613806.56900000
1916       614943.66000000
1917       616082.44500000
1918       617222.92600000
1919       618365.10300000
1920       619508.98000000
1921       620654.55900000
1922       621801.84000000
1923       622950.82600000
1924       624101.51800000
1925       625253.92000000
1926       626408.03100000
1927       627563.85500000
1928       628721.39300000
1929       629880.64600000
1930       631041.61800000
1931       632204.30900000
1932       633368.72200000
1933       634534.85700000
1934       635702.71900000
1935       636872.30700000
1936       638043.62400000
1937       639216.67200000
1938       640391.45200000
1939       641567.96700000
1940       642746.21800000
1941       643926.20800000
1942       645107.93700000
1943       646291.40900000
1944       647476.62400000
1945       648663.58500000
1946       649852.29400000
1947       651042.75200000
1948       652234.96100000
1949       653428.92300000
1950       654624.64100000
1951       655822.11500000
1952       657021.34800000
1953       658222.34200000
1954       659425.09800000
1955       660629.61900000
1956       661835.90600000
1957       663043.96100000
1958       664253.78700000
1959       665465.38400000
1960       666678.75500000
1961       667893.90100000
1962       669110.82500000
1963       670329.52900000
1964       671550.01400000
1965       672772.28200000
1966       673996.33600000
1967       675222.17600000
1968       676449.80500000
1969       677679.22500000
1970       678910.43800000
1971       680143.44500000
1972       681378.24900000
1973       682614.85100000
1974       683853.25400000
1975       685093.45800000
1976       686335.46700000
1977       687579.28100000
1978       688824.90300000
1979       690072.33500000
1980       691321.57900000
1981       692572.63600000
1982       693825.50900000
1983       695080.19900000
1984       696336.70800000
1985       697595.03900000
1986       698855.19200000
1987       700117.17100000
1988       701380.97600000
1989       702646.61000000
1990       703914.07500000
1991       705183.37200000
1992       706454.50400000
1993       707727.47300000
1994       709002.28000000
1995       710278.92600000
1996       711557.41600000
1997       712837.74900000
1998       714119.92800000
1999       715403.95500000
2000       716689.83200000
2001       717977.56100000
2002       719267.14300000
2003       720558.58100000
2004       721851.87700000
2005       723147.03200000
2006       724444.04800000
2007       725742.92800000
2008       727043.67300000
2009       728346.28500000
2010       729650.76600000
2011       730957.11800000
2012       732265.34300000
2013       733575.44300000
2014       734887.42000000
2015       736201.27500000
2016       737517.01100000
2017       738834.63000000
2018       740154.13300000
2019       741475.52300000
2020       742798.80100000
2021       744123.97000000
2022       745451.03000000
2023       746779.98500000
2024       748110.83600000
2025       749443.58500000
2026       750778.23400000
2027       752114.78600000
2028       753453.24100000
2029       754793.60200000
2030       756135.87000000
2031       757480.04900000
2032       758826.13900000
2033       760174.14300000
2034       761524.06200000
2035       762875.89900000
2036       764229.65600000
2037       765585.33400000
2038       766942.93500000
2039       768302.46200000
2040       769663.91600000
2041       771027.29900000
2042       772392.61300000
2043       773759.86100000
2044       775129.04400000
2045       776500.16300000
2046       777873.22200000
2047       779248.22200000
2048       780625.16500000
2049       782004.05200000
2050       783384.88700000
2051       784767.67100000
2052       786152.40500000
2053       787539.09200000
2054       788927.73300000
2055       790318.33200000
2056       791710.88900000
2057       793105.40700000
2058       794501.88700000
2059       795900.33200000
2060       797300.74300000
2061       798703.12300000
2062       800107.47400000
2063       801513.79700000
2064       802922.09400000
2065       804332.36800000
2066       805744.62000000
2067       807158.85200000
2068       808575.06700000
2069       809993.26600000
2070       811413.45200000
2071       812835.62500000
2072       814259.78900000
2073       815685.94500000
2074       817114.09500000
2075       818544.24200000
2076       819976.38600000
2077       821410.53100000
2078       822846.67800000
2079       824284.82900000
2080       825724.98600000
2081       827167.15100000
2082       828611.32700000
2083       830057.51400000
2084       831505.71500000
2085       832955.93300000
2086       834408.16800000
2087       835862.42400000
2088       837318.70100000
2089       838777.00300000
2090       840237.33000000
2091       841699.68600000
2092       843164.07100000
2093       844630.48900000
2094       846098.94000000
2095       847569.42700000
2096       849041.95300000
2097       850516.51800000
2098       851993.12500000
2099       853471.77700000
2100       854952.47400000
2101       856435.21900000
2102       857920.01400000
2103       859406.86200000
2104       860895.76300000
2105       862386.72000000
2106       863879.73500000
2107       865374.81000000
2108       866871.94700000
2109       868371.14800000
2110       869872.41600000
2111       871375.75100000
2112       872881.15600000
2113       874388.63300000
2114       875898.18500000
2115       877409.81200000
2116       878923.51800000
2117       880439.30300000
2118       881957.17100000
2119       883477.12300000
2120       884999.16100000
2121       886523.28700000
2122       888049.50300000
2123       889577.81200000
2124       891108.21400000
2125       892640.71300000
2126       894175.31000000
2127       895712.00800000
2128       897250.80700000
2129       898791.71100000
2130       900334.72200000
2131       901879.84100000
2132       903427.07000000
2133       904976.41100000
2134       906527.86700000
2135       908081.43900000
2136       909637.13000000
2137       911194.94200000
2138       912754.87500000
2139       914316.93400000
2140       915881.11900000
2141       917447.43300000
2142       919015.87700000
2143       920586.45400000
2144       922159.16600000
2145       923734.01400000
2146       925311.00100000
2147       926890.12900000
2148       928471.40000000
2149       930054.81600000
2150       931640.37900000
2151       933228.09000000
2152       934817.95300000
2153       936409.96900000
2154       938004.13900000
2155       939600.46700000
2156       941198.95400000
2157       942799.60200000
2158       944402.41400000
2159       946007.39000000
2160       947614.53400000
2161       949223.84800000
2162       950835.33300000
2163       952448.99100000
2164       954064.82400000
2165       955682.83600000
2166       957303.02600000
2167       958925.39900000
2168       960549.95500000
2169       962176.69700000
2170       963805.62600000
2171       965436.74600000
2172       967070.05700000
2173       968705.56200000
2174       970343.26400000
2175       971983.16300000
2176       973625.26200000
2177       975269.56300000
2178       976916.06900000
2179       978564.78100000
2180       980215.70100000
2181       981868.83100000
2182       983524.17400000
2183       985181.73200000
2184       986841.50600000
2185       988503.49800000
2186       990167.71100000
2187       991834.14700000
2188       993502.80700000
2189       995173.69500000
2190       996846.81100000
2191       998522.15800000
2192      1000199.74000000
2193      1001879.55000000
2194      1003561.61000000
2195      1005245.90000000
2196      1006932.43000000
2197      1008621.21000000
2198      1010312.23000000
2199      1012005.50000000
2200      1013701.01000000
2201      1015398.78000000
2202      1017098.81000000
2203      1018801.09000000
2204      1020505.62000000
2205      1022212.42000000
2206      1023921.48000000
2207      1025632.80000000
2208      1027346.39000000
2209      1029062.25000000
2210      1030780.38000000
2211      1032500.78000000
2212      1034223.45000000
2213      1035948.40000000
2214      1037675.63000000
2215      1039405.14000000
2216      1041136.93000000
2217      1042871.01000000
2218      1044607.37000000
2219      1046346.02000000
2220      1048086.97000000
2221      1049830.20000000
2222      1051575.74000000
2223      1053323.56000000
2224      1055073.69000000
2225      1056826.12000000
2226      1058580.86000000
2227      1060337.89000000
2228      1062097.24000000
2229      1063858.90000000
2230      1065622.86000000
2231      1067389.14000000
2232      1069157.74000000
2233      1070928.66000000
2234      1072701.89000000
2235      1074477.45000000
2236      1076255.33000000
2237      1078035.54000000
2238      1079818.08000000
2239      1081602.94000000
2240      1083390.14000000
2241      1085179.68000000
2242      1086971.55000000
2243      1088765.76000000
2244      1090562.31000000
2245      1092361.20000000
2246      1094162.44000000
2247      1095966.03000000
2248      1097771.97000000
2249      1099580.25000000
2250      1101390.89000000
2251      1103203.89000000
2252      1105019.25000000
2253      1106836.96000000
2254      1108657.04000000
2255      1110479.48000000
2256      1112304.28000000
2257      1114131.46000000
2258      1115961.00000000
2259      1117792.92000000
2260      1119627.21000000
2261      1121463.88000000
2262      1123302.92000000
2263      1125144.35000000
2264      1126988.16000000
2265      1128834.36000000
2266      1130682.94000000
2267      1132533.91000000
2268      1134387.27000000
2269      1136243.03000000
2270      1138101.18000000
2271      1139961.73000000
2272      1141824.68000000
2273      1143690.03000000
2274      1145557.78000000
2275      1147427.94000000
2276      1149300.51000000
2277      1151175.49000000
2278      1153052.88000000
2279      1154932.69000000
2280      1156814.91000000
2281      1158699.55000000
2282      1160586.61000000
2283      1162476.10000000
2284      1164368.01000000
2285      1166262.34000000
2286      1168159.11000000
2287      1170058.30000000
2288      1171959.93000000
2289      1173864.00000000
2290      1175770.50000000
2291      1177679.45000000
2292      1179590.83000000
2293      1181504.66000000
2294      1183420.93000000
2295      1185339.66000000
2296      1187260.83000000
2297      1189184.45000000
2298      1191110.53000000
2299      1193039.07000000
2300      1194970.07000000
2301      1196903.52000000
2302      1198839.44000000
2303      1200777.83000000
2304      1202718.68000000
2305      1204662.00000000
2306      1206607.79000000
2307      1208556.05000000
2308      1210506.80000000
2309      1212460.01000000
2310      1214415.71000000
2311      1216373.89000000
2312      1218334.56000000
2313      1220297.71000000
2314      1222263.35000000
2315      1224231.48000000
2316      1226202.10000000
2317      1228175.22000000
2318      1230150.83000000
2319      1232128.95000000
2320      1234109.56000000
2321      1236092.68000000
2322      1238078.30000000
2323      1240066.43000000
2324      1242057.07000000
2325      1244050.22000000
2326      1246045.89000000
2327      1248044.07000000
2328      1250044.77000000
2329      1252047.99000000
2330      1254053.73000000
2331      1256061.99000000
2332      1258072.78000000
2333      1260086.11000000
2334      1262101.96000000
2335      1264120.34000000
2336      1266141.26000000
2337      1268164.72000000
2338      1270190.72000000
2339      1272219.25000000
2340      1274250.34000000
2341      1276283.96000000
2342      1278320.14000000
2343      1280358.86000000
2344      1282400.14000000
2345      1284443.97000000
2346      1286490.36000000
2347      1288539.30000000
2348      1290590.81000000
2349      1292644.88000000
2350      1294701.51000000
2351      1296760.71000000
2352      1298822.48000000
2353      1300886.83000000
2354      1302953.74000000
2355      1305023.23000000
2356      1307095.30000000
2357      1309169.95000000
2358      1311247.18000000
2359      1313326.99000000
2360      1315409.39000000
2361      1317494.38000000
2362      1319581.96000000
2363      1321672.13000000
2364      1323764.89000000
2365      1325860.25000000
2366      1327958.22000000
2367      1330058.78000000
2368      1332161.94000000
2369      1334267.71000000
2370      1336376.09000000
2371      1338487.08000000
2372      1340600.68000000
2373      1342716.90000000
2374      1344835.73000000
2375      1346957.17000000
2376      1349081.24000000
2377      1351207.93000000
2378      1353337.25000000
2379      1355469.19000000
2380      1357603.76000000
2381      1359740.96000000
2382      1361880.80000000
2383      1364023.27000000
2384      1366168.38000000
2385      1368316.13000000
2386      1370466.51000000
2387      1372619.55000000
2388      1374775.23000000
2389      1376933.55000000
2390      1379094.53000000
2391      1381258.16000000
2392      1383424.44000000
2393      1385593.39000000
2394      1387764.98000000
2395      1389939.25000000
2396      1392116.17000000
2397      1394295.76000000
2398      1396478.01000000
2399      1398662.94000000
2400      1400850.54000000
2401      1403040.81000000
2402      1405233.76000000
2403      1407429.38000000
2404      1409627.69000000
2405      1411828.67000000
2406      1414032.35000000
2407      1416238.71000000
2408      1418447.75000000
2409      1420659.49000000
2410      1422873.92000000
2411      1425091.05000000
2412      1427310.87000000
2413      1429533.40000000
2414      1431758.62000000
2415      1433986.55000000
2416      1436217.19000000
2417      1438450.53000000
2418      1440686.58000000
2419      1442925.35000000
2420      1445166.83000000
2421      1447411.03000000
2422      1449657.94000000
2423      1451907.58000000
2424      1454159.94000000
2425      1456415.02000000
2426      1458672.84000000
2427      1460933.38000000
2428      1463196.65000000
2429      1465462.66000000
2430      1467731.40000000
2431      1470002.88000000
2432      1472277.10000000
2433      1474554.07000000
2434      1476833.78000000
2435      1479116.23000000
2436      1481401.43000000
2437      1483689.39000000
2438      1485980.10000000
2439      1488273.56000000
2440      1490569.78000000
2441      1492868.76000000
2442      1495170.50000000
2443      1497475.01000000
2444      1499782.28000000
2445      1502092.32000000
2446      1504405.13000000
2447      1506720.71000000
2448      1509039.07000000
2449      1511360.20000000
2450      1513684.11000000
2451      1516010.81000000
2452      1518340.28000000
2453      1520672.55000000
2454      1523007.60000000
2455      1525345.43000000
2456      1527686.07000000
2457      1530029.49000000
2458      1532375.71000000
2459      1534724.73000000
2460      1537076.55000000
2461      1539431.17000000
2462      1541788.60000000
2463      1544148.83000000
2464      1546511.87000000
2465      1548877.72000000
2466      1551246.39000000
2467      1553617.87000000
2468      1555992.17000000
2469      1558369.29000000
2470      1560749.23000000
2471      1563132.00000000
2472      1565517.59000000
2473      1567906.00000000
2474      1570297.25000000
2475      1572691.34000000
2476      1575088.25000000
2477      1577488.01000000
2478      1579890.60000000
2479      1582296.03000000
2480      1584704.31000000
2481      1587115.43000000
2482      1589529.40000000
2483      1591946.22000000
2484      1594365.89000000
2485      1596788.42000000
2486      1599213.80000000
2487      1601642.04000000
2488      1604073.14000000
2489      1606507.10000000
2490      1608943.93000000
2491      1611383.62000000
2492      1613826.19000000
2493      1616271.62000000
2494      1618719.93000000
2495      1621171.11000000
2496      1623625.17000000
2497      1626082.11000000
2498      1628541.94000000
2499      1631004.64000000
2500      1633470.24000000
2501      1635938.72000000
2502      1638410.09000000
2503      1640884.35000000
2504      1643361.51000000
2505      1645841.57000000
2506      1648324.53000000
2507      1650810.38000000
2508      1653299.14000000
2509      1655790.81000000
2510      1658285.38000000
2511      1660782.87000000
2512      1663283.26000000
2513      1665786.57000000
2514      1668292.80000000
2515      1670801.94000000
2516      1673314.00000000
2517      1675828.99000000
2518      1678346.90000000
2519      1680867.74000000
2520      1683391.51000000
2521      1685918.21000000
2522      1688447.84000000
2523      1690980.41000000
2524      1693515.92000000
2525      1696054.37000000
2526      1698595.75000000
2527      1701140.09000000
2528      1703687.36000000
2529      1706237.59000000
2530      1708790.77000000
2531      1711346.90000000
2532      1713905.99000000
2533      1716468.03000000
2534      1719033.03000000
2535      1721600.99000000
2536      1724171.92000000
2537      1726745.81000000
2538      1729322.67000000
2539      1731902.50000000
2540      1734485.30000000
2541      1737071.08000000
2542      1739659.83000000
2543      1742251.56000000
2544      1744846.27000000
2545      1747443.97000000
2546      1750044.64000000
2547      1752648.31000000
2548      1755254.97000000
2549      1757864.61000000
2550      1760477.25000000
2551      1763092.89000000
2552      1765711.52000000
2553      1768333.15000000
2554      1770957.79000000
2555      1773585.43000000
2556      1776216.07000000
2557      1778849.73000000
2558      1781486.39000000
2559      1784126.07000000
2560      1786768.76000000
2561      1789414.47000000
2562      1792063.20000000
2563      1794714.95000000
2564      1797369.72000000
2565      1800027.52000000
2566      1802688.35000000
2567      1805352.20000000
2568      1808019.09000000
2569      1810689.01000000
2570      1813361.97000000
2571      1816037.97000000
2572      1818717.01000000
2573      1821399.09000000
2574      1824084.21000000
2575      1826772.38000000
2576      1829463.61000000
2577      1832157.88000000
2578      1834855.20000000
2579      1837555.58000000
2580      1840259.02000000
2581      1842965.52000000
2582      1845675.08000000
2583      1848387.71000000
2584      1851103.40000000
2585      1853822.16000000
2586      1856543.99000000
2587      1859268.89000000
2588      1861996.86000000
2589      1864727.92000000
2590      1867462.05000000
2591      1870199.26000000
2592      1872939.56000000
2593      1875682.94000000
2594      1878429.41000000
2595      1881178.97000000
2596      1883931.62000000
2597      1886687.37000000
2598      1889446.21000000
2599      1892208.15000000
2600      1894973.19000000
2601      1897741.33000000
2602      1900512.58000000
2603      1903286.93000000
2604      1906064.40000000
2605      1908844.97000000
2606      1911628.65000000
2607      1914415.46000000
2608      1917205.38000000
2609      1919998.41000000
2610      1922794.57000000
2611      1925593.86000000
2612      1928396.27000000
2613      1931201.80000000
2614      1934010.47000000
2615      1936822.27000000
2616      1939637.21000000
2617      1942455.28000000
2618      1945276.49000000
2619      1948100.84000000
2620      1950928.33000000
2621      1953758.97000000
2622      1956592.75000000
2623      1959429.69000000
2624      1962269.78000000
2625      1965113.01000000
2626      1967959.41000000
2627      1970808.96000000
2628      1973661.68000000
2629      1976517.55000000
2630      1979376.59000000
2631      1982238.79000000
2632      1985104.17000000
2633      1987972.71000000
2634      1990844.43000000
2635      1993719.32000000
2636      1996597.39000000
2637      1999478.64000000
2638      2002363.06000000
2639      2005250.67000000
2640      2008141.47000000
2641      2011035.46000000
2642      2013932.63000000
2643      2016833.00000000
2644      2019736.55000000
2645      2022643.31000000
2646      2025553.26000000
2647      2028466.42000000
2648      2031382.77000000
2649      2034302.33000000
2650      2037225.10000000
2651      2040151.07000000
2652      2043080.26000000
2653      2046012.66000000
2654      2048948.27000000
2655      2051887.10000000
2656      2054829.15000000
2657      2057774.43000000
2658      2060722.92000000
2659      2063674.64000000
2660      2066629.59000000
2661      2069587.77000000
2662      2072549.18000000
2663      2075513.82000000
2664      2078481.70000000
2665      2081452.82000000
2666      2084427.18000000
2667      2087404.78000000
2668      2090385.62000000
2669      2093369.71000000
2670      2096357.06000000
2671      2099347.65000000
2672      2102341.49000000
2673      2105338.59000000
2674      2108338.95000000
2675      2111342.56000000
2676      2114349.44000000
2677      2117359.58000000
2678      2120372.99000000
2679      2123389.66000000
2680      2126409.61000000
2681      2129432.82000000
2682      2132459.31000000
2683      2135489.08000000
2684      2138522.12000000
2685      2141558.45000000
2686      2144598.05000000
2687      2147640.95000000
2688      2150687.12000000
2689      2153736.59000000
2690      2156789.35000000
2691      2159845.40000000
2692      2162904.75000000
2693      2165967.39000000
2694      2169033.33000000
2695      2172102.57000000
2696      2175175.12000000
2697      2178250.97000000
2698      2181330.13000000
2699      2184412.60000000
2700      2187498.38000000
2701      2190587.48000000
2702      2193679.89000000
2703      2196775.62000000
2704      2199874.67000000
2705      2202977.04000000
2706      2206082.74000000
2707      2209191.76000000
2708      2212304.11000000
2709      2215419.79000000
2710      2218538.81000000
2711      2221661.16000000
2712      2224786.84000000
2713      2227915.87000000
2714      2231048.23000000
2715      2234183.94000000
2716      2237323.00000000
2717      2240465.40000000
2718      2243611.15000000
2719      2246760.25000000
2720      2249912.71000000
2721      2253068.52000000
2722      2256227.69000000
2723      2259390.22000000
2724      2262556.12000000
2725      2265725.37000000
2726      2268897.99000000
2727      2272073.98000000
2728      2275253.34000000
2729      2278436.08000000
2730      2281622.18000000
2731      2284811.67000000
2732      2288004.53000000
2733      2291200.77000000
2734      2294400.40000000
2735      2297603.41000000
2736      2300809.81000000
2737      2304019.59000000
2738      2307232.77000000
2739      2310449.34000000
2740      2313669.31000000
2741      2316892.67000000
2742      2320119.43000000
2743      2323349.60000000
2744      2326583.16000000
2745      2329820.14000000
2746      2333060.52000000
2747      2336304.31000000
2748      2339551.51000000
2749      2342802.12000000
2750      2346056.16000000
2751      2349313.61000000
2752      2352574.48000000
2753      2355838.77000000
2754      2359106.48000000
2755      2362377.63000000
2756      2365652.20000000
2757      2368930.20000000
2758      2372211.63000000
2759      2375496.50000000
2760      2378784.80000000
2761      2382076.55000000
2762      2385371.73000000
2763      2388670.36000000
2764      2391972.43000000
2765      2395277.95000000
2766      2398586.92000000
2767      2401899.33000000
2768      2405215.21000000
2769      2408534.53000000
2770      2411857.32000000
2771      2415183.56000000
2772      2418513.26000000
2773      2421846.43000000
2774      2425183.06000000
2775      2428523.16000000
2776      2431866.73000000
2777      2435213.78000000
2778      2438564.29000000
2779      2441918.28000000
2780      2445275.75000000
2781      2448636.70000000
2782      2452001.13000000
2783      2455369.04000000
2784      2458740.44000000
2785      2462115.33000000
2786      2465493.71000000
2787      2468875.58000000
2788      2472260.95000000
2789      2475649.81000000
2790      2479042.17000000
2791      2482438.02000000
2792      2485837.39000000
2793      2489240.25000000
2794      2492646.62000000
2795      2496056.50000000
2796      2499469.89000000
2797      2502886.80000000
2798      2506307.22000000
2799      2509731.15000000
2800      2513158.60000000
2801      2516589.58000000
2802      2520024.07000000
2803      2523462.10000000
2804      2526903.64000000
2805      2530348.72000000
2806      2533797.33000000
2807      2537249.47000000
2808      2540705.14000000
2809      2544164.36000000
2810      2547627.11000000
2811      2551093.40000000
2812      2554563.24000000
2813      2558036.62000000
2814      2561513.55000000
2815      2564994.02000000
2816      2568478.05000000
2817      2571965.63000000
2818      2575456.77000000
2819      2578951.46000000
2820      2582449.71000000
2821      2585951.53000000
2822      2589456.91000000
2823      2592965.85000000
2824      2596478.36000000
2825      2599994.44000000
2826      2603514.09000000
2827      2607037.32000000
2828      2610564.12000000
2829      2614094.49000000
2830      2617628.45000000
2831      2621165.99000000
2832      2624707.11000000
2833      2628251.82000000
2834      2631800.11000000
2835      2635352.00000000
2836      2638907.47000000
2837      2642466.54000000
2838      2646029.21000000
2839      2649595.47000000
2840      2653165.33000000
2841      2656738.80000000
2842      2660315.87000000
2843      2663896.54000000
2844      2667480.82000000
2845      2671068.71000000
2846      2674660.21000000
2847      2678255.33000000
2848      2681854.06000000
2849      2685456.41000000
2850      2689062.38000000
2851      2692671.97000000
2852      2696285.19000000
2853      2699902.03000000
2854      2703522.49000000
2855      2707146.59000000
2856      2710774.32000000
2857      2714405.68000000
2858      2718040.68000000
2859      2721679.32000000
2860      2725321.60000000
2861      2728967.51000000
2862      2732617.07000000
2863      2736270.28000000
2864      2739927.14000000
2865      2743587.64000000
2866      2747251.80000000
2867      2750919.61000000
2868      2754591.07000000
2869      2758266.20000000
2870      2761944.98000000
2871      2765627.42000000
2872      2769313.53000000
2873      2773003.30000000
2874      2776696.75000000
2875      2780393.86000000
2876      2784094.64000000
2877      2787799.09000000
2878      2791507.22000000
2879      2795219.03000000
2880      2798934.52000000
2881      2802653.69000000
2882      2806376.54000000
2883      2810103.08000000
2884      2813833.31000000
2885      2817567.22000000
2886      2821304.83000000
2887      2825046.13000000
2888      2828791.12000000
2889      2832539.81000000
2890      2836292.21000000
2891      2840048.30000000
2892      2843808.09000000
2893      2847571.59000000
2894      2851338.80000000
2895      2855109.72000000
2896      2858884.35000000
2897      2862662.69000000
2898      2866444.74000000
2899      2870230.52000000
2900      2874020.01000000
2901      2877813.22000000
2902      2881610.15000000
2903      2885410.81000000
2904      2889215.20000000
2905      2893023.32000000
2906      2896835.16000000
2907      2900650.74000000
2908      2904470.05000000
2909      2908293.10000000
2910      2912119.89000000
2911      2915950.42000000
2912      2919784.69000000
2913      2923622.71000000
2914      2927464.47000000
2915      2931309.98000000
2916      2935159.24000000
2917      2939012.25000000
2918      2942869.02000000
2919      2946729.54000000
2920      2950593.82000000
2921      2954461.86000000
2922      2958333.66000000
2923      2962209.23000000
2924      2966088.56000000
2925      2969971.66000000
2926      2973858.53000000
2927      2977749.17000000
2928      2981643.58000000
2929      2985541.77000000
2930      2989443.74000000
2931      2993349.49000000
2932      2997259.02000000
2933      3001172.33000000
2934      3005089.42000000
2935      3009010.31000000
2936      3012934.98000000
2937      3016863.44000000
2938      3020795.70000000
2939      3024731.75000000
2940      3028671.60000000
2941      3032615.24000000
2942      3036562.69000000
2943      3040513.94000000
2944      3044468.99000000
2945      3048427.85000000
2946      3052390.52000000
2947      3056357.00000000
2948      3060327.29000000
2949      3064301.40000000
2950      3068279.32000000
2951      3072261.06000000
2952      3076246.62000000
2953      3080236.00000000
2954      3084229.20000000
2955      3088226.23000000
2956      3092227.09000000
2957      3096231.77000000
2958      3100240.29000000
2959      3104252.64000000
2960      3108268.83000000
2961      3112288.85000000
2962      3116312.72000000
2963      3120340.42000000
2964      3124371.97000000
2965      3128407.36000000
2966      3132446.59000000
2967      3136489.68000000
2968      3140536.62000000
2969      3144587.40000000
2970      3148642.05000000
2971      3152700.55000000
2972      3156762.90000000
2973      3160829.12000000
2974      3164899.20000000
2975      3168973.14000000
2976      3173050.95000000
2977      3177132.62000000
2978      3181218.17000000
2979      3185307.58000000
2980      3189400.87000000
2981      3193498.04000000
2982      3197599.08000000
2983      3201704.00000000
2984      3205812.80000000
2985      3209925.48000000
2986      3214042.05000000
2987      3218162.50000000
2988      3222286.84000000
2989      3226415.08000000
2990      3230547.20000000
2991      3234683.22000000
2992      3238823.13000000
2993      3242966.95000000
2994      3247114.66000000
2995      3251266.27000000
2996      3255421.79000000
2997      3259581.21000000
2998      3263744.54000000
2999      3267911.77000000
3000      3272082.92000000
3001      3276257.98000000
3002      3280436.96000000
3003      3284619.85000000
3004      3288806.66000000
3005      3292997.39000000
3006      3297192.04000000
3007      3301390.62000000
3008      3305593.12000000
3009      3309799.55000000
3010      3314009.91000000
3011      3318224.20000000
3012      3322442.42000000
3013      3326664.58000000
3014      3330890.68000000
3015      3335120.71000000
3016      3339354.69000000
3017      3343592.60000000
3018      3347834.47000000
3019      3352080.27000000
3020      3356330.03000000
3021      3360583.73000000
3022      3364841.39000000
3023      3369103.00000000
3024      3373368.57000000
3025      3377638.09000000
3026      3381911.58000000
3027      3386189.02000000
3028      3390470.43000000
3029      3394755.80000000
3030      3399045.14000000
3031      3403338.44000000
3032      3407635.72000000
3033      3411936.97000000
3034      3416242.19000000
3035      3420551.39000000
3036      3424864.57000000
3037      3429181.72000000
3038      3433502.86000000
3039      3437827.98000000
3040      3442157.08000000
3041      3446490.17000000
3042      3450827.25000000
3043      3455168.32000000
3044      3459513.38000000
3045      3463862.44000000
3046      3468215.49000000
3047      3472572.54000000
3048      3476933.59000000
3049      3481298.64000000
3050      3485667.69000000
3051      3490040.75000000
3052      3494417.82000000
3053      3498798.89000000
3054      3503183.98000000
3055      3507573.07000000
3056      3511966.18000000
3057      3516363.31000000
3058      3520764.45000000
3059      3525169.62000000
3060      3529578.80000000
3061      3533992.01000000
3062      3538409.24000000
3063      3542830.50000000
3064      3547255.79000000
3065      3551685.11000000
3066      3556118.46000000
3067      3560555.85000000
3068      3564997.27000000
3069      3569442.72000000
3070      3573892.22000000
3071      3578345.76000000
3072      3582803.34000000
3073      3587264.97000000
3074      3591730.64000000
3075      3596200.36000000
3076      3600674.13000000
3077      3605151.95000000
3078      3609633.83000000
3079      3614119.76000000
3080      3618609.75000000
3081      3623103.80000000
3082      3627601.91000000
3083      3632104.08000000
3084      3636610.32000000
3085      3641120.62000000
3086      3645634.99000000
3087      3650153.43000000
3088      3654675.94000000
3089      3659202.53000000
3090      3663733.19000000
3091      3668267.93000000
3092      3672806.74000000
3093      3677349.64000000
3094      3681896.62000000
3095      3686447.68000000
3096      3691002.83000000
3097      3695562.06000000
3098      3700125.39000000
3099      3704692.80000000
3100      3709264.31000000
3101      3713839.92000000
3102      3718419.62000000
3103      3723003.41000000
3104      3727591.31000000
3105      3732183.31000000
3106      3736779.41000000
3107      3741379.62000000
3108      3745983.94000000
3109      3750592.36000000
3110      3755204.89000000
3111      3759821.54000000
3112      3764442.30000000
3113      3769067.18000000
3114      3773696.17000000
3115      3778329.28000000
3116      3782966.51000000
3117      3787607.87000000
3118      3792253.35000000
3119      3796902.96000000
3120      3801556.69000000
3121      3806214.56000000
3122      3810876.55000000
3123      3815542.68000000
3124      3820212.94000000
3125      3824887.35000000
3126      3829565.88000000
3127      3834248.56000000
3128      3838935.38000000
3129      3843626.35000000
3130      3848321.46000000
3131      3853020.71000000
3132      3857724.12000000
3133      3862431.67000000
3134      3867143.38000000
3135      3871859.24000000
3136      3876579.26000000
3137      3881303.44000000
3138      3886031.77000000
3139      3890764.26000000
3140      3895500.92000000
3141      3900241.74000000
3142      3904986.73000000
3143      3909735.89000000
3144      3914489.21000000
3145      3919246.71000000
3146      3924008.37000000
3147      3928774.22000000
3148      3933544.24000000
3149      3938318.43000000
3150      3943096.81000000
3151      3947879.37000000
3152      3952666.11000000
3153      3957457.04000000
3154      3962252.15000000
3155      3967051.45000000
3156      3971854.94000000
3157      3976662.63000000
3158      3981474.50000000
3159      3986290.57000000
3160      3991110.84000000
3161      3995935.31000000
3162      4000763.97000000
3163      4005596.84000000
3164      4010433.91000000
3165      4015275.19000000
3166      4020120.67000000
3167      4024970.37000000
3168      4029824.27000000
3169      4034682.38000000
3170      4039544.71000000
3171      4044411.25000000
3172      4049282.01000000
3173      4054156.99000000
3174      4059036.19000000
3175      4063919.61000000
3176      4068807.26000000
3177      4073699.13000000
3178      4078595.23000000
3179      4083495.55000000
3180      4088400.11000000
3181      4093308.90000000
3182      4098221.92000000
3183      4103139.18000000
3184      4108060.67000000
3185      4112986.41000000
3186      4117916.38000000
3187      4122850.60000000
3188      4127789.06000000
3189      4132731.76000000
3190      4137678.71000000
3191      4142629.91000000
3192      4147585.37000000
3193      4152545.07000000
3194      4157509.03000000
3195      4162477.24000000
3196      4167449.71000000
3197      4172426.44000000
3198      4177407.42000000
3199      4182392.67000000
3200      4187382.19000000
3201      4192375.97000000
3202      4197374.01000000
3203      4202376.33000000
3204      4207382.91000000
3205      4212393.77000000
3206      4217408.90000000
3207      4222428.30000000
3208      4227451.99000000
3209      4232479.95000000
3210      4237512.19000000
3211      4242548.71000000
3212      4247589.51000000
3213      4252634.60000000
3214      4257683.98000000
3215      4262737.65000000
3216      4267795.60000000
3217      4272857.85000000
3218      4277924.39000000
3219      4282995.22000000
3220      4288070.35000000
3221      4293149.78000000
3222      4298233.50000000
3223      4303321.53000000
3224      4308413.86000000
3225      4313510.50000000
3226      4318611.44000000
3227      4323716.69000000
3228      4328826.25000000
3229      4333940.12000000
3230      4339058.30000000
3231      4344180.80000000
3232      4349307.61000000
3233      4354438.74000000
3234      4359574.19000000
3235      4364713.96000000
3236      4369858.05000000
3237      4375006.46000000
3238      4380159.20000000
3239      4385316.27000000
3240      4390477.66000000
3241      4395643.39000000
3242      4400813.44000000
3243      4405987.83000000
3244      4411166.56000000
3245      4416349.62000000
3246      4421537.02000000
3247      4426728.76000000
3248      4431924.84000000
3249      4437125.26000000
3250      4442330.03000000
3251      4447539.14000000
3252      4452752.60000000
3253      4457970.41000000
3254      4463192.57000000
3255      4468419.09000000
3256      4473649.95000000
3257      4478885.18000000
3258      4484124.76000000
3259      4489368.70000000
3260      4494616.99000000
3261      4499869.65000000
3262      4505126.68000000
3263      4510388.07000000
3264      4515653.82000000
3265      4520923.94000000
3266      4526198.44000000
3267      4531477.30000000
3268      4536760.54000000
3269      4542048.15000000
3270      4547340.13000000
3271      4552636.50000000
3272      4557937.24000000
3273      4563242.36000000
3274      4568551.87000000
3275      4573865.76000000
3276      4579184.03000000
3277      4584506.69000000
3278      4589833.74000000
3279      4595165.18000000
3280      4600501.01000000
3281      4605841.24000000
3282      4611185.85000000
3283      4616534.87000000
3284      4621888.28000000
3285      4627246.09000000
3286      4632608.30000000
3287      4637974.91000000
3288      4643345.93000000
3289      4648721.35000000
3290      4654101.18000000
3291      4659485.42000000
3292      4664874.06000000
3293      4670267.12000000
3294      4675664.59000000
3295      4681066.48000000
3296      4686472.78000000
3297      4691883.50000000
3298      4697298.64000000
3299      4702718.19000000
3300      4708142.17000000
3301      4713570.58000000
3302      4719003.41000000
3303      4724440.66000000
3304      4729882.35000000
3305      4735328.46000000
3306      4740779.00000000
3307      4746233.98000000
3308      4751693.39000000
3309      4757157.24000000
3310      4762625.52000000
3311      4768098.24000000
3312      4773575.40000000
3313      4779057.01000000
3314      4784543.06000000
3315      4790033.55000000
3316      4795528.49000000
3317      4801027.87000000
3318      4806531.71000000
3319      4812039.99000000
3320      4817552.73000000
3321      4823069.92000000
3322      4828591.57000000
3323      4834117.67000000
3324      4839648.23000000
3325      4845183.25000000
3326      4850722.73000000
3327      4856266.67000000
3328      4861815.08000000
3329      4867367.96000000
3330      4872925.30000000
3331      4878487.10000000
3332      4884053.38000000
3333      4889624.13000000
3334      4895199.36000000
3335      4900779.05000000
3336      4906363.23000000
3337      4911951.88000000
3338      4917545.01000000
3339      4923142.62000000
3340      4928744.71000000
3341      4934351.28000000
3342      4939962.34000000
3343      4945577.89000000
3344      4951197.92000000
3345      4956822.44000000
3346      4962451.45000000
3347      4968084.96000000
3348      4973722.95000000
3349      4979365.45000000
3350      4985012.43000000
3351      4990663.92000000
3352      4996319.91000000
3353      5001980.39000000
3354      5007645.38000000
3355      5013314.87000000
3356      5018988.87000000
3357      5024667.37000000
3358      5030350.38000000
3359      5036037.90000000
3360      5041729.93000000
3361      5047426.48000000
3362      5053127.53000000
3363      5058833.10000000
3364      5064543.19000000
3365      5070257.80000000
3366      5075976.92000000
3367      5081700.57000000
3368      5087428.74000000
3369      5093161.43000000
3370      5098898.65000000
3371      5104640.39000000
3372      5110386.66000000
3373      5116137.46000000
3374      5121892.80000000
3375      5127652.66000000
3376      5133417.06000000
3377      5139185.99000000
3378      5144959.46000000
3379      5150737.46000000
3380      5156520.01000000
3381      5162307.09000000
3382      5168098.72000000
3383      5173894.89000000
3384      5179695.61000000
3385      5185500.87000000
3386      5191310.68000000
3387      5197125.04000000
3388      5202943.95000000
3389      5208767.41000000
3390      5214595.43000000
3391      5220428.00000000
3392      5226265.13000000
3393      5232106.81000000
3394      5237953.05000000
3395      5243803.85000000
3396      5249659.22000000
3397      5255519.14000000
3398      5261383.63000000
3399      5267252.69000000
3400      5273126.32000000
3401      5279004.51000000
3402      5284887.27000000
3403      5290774.60000000
3404      5296666.51000000
3405      5302562.99000000
3406      5308464.05000000
3407      5314369.68000000
3408      5320279.89000000
3409      5326194.68000000
3410      5332114.05000000
3411      5338038.01000000
3412      5343966.54000000
3413      5349899.67000000
3414      5355837.37000000
3415      5361779.67000000
3416      5367726.56000000
3417      5373678.03000000
3418      5379634.10000000
3419      5385594.76000000
3420      5391560.02000000
3421      5397529.87000000
3422      5403504.32000000
3423      5409483.36000000
3424      5415467.01000000
3425      5421455.26000000
3426      5427448.11000000
3427      5433445.56000000
3428      5439447.63000000
3429      5445454.29000000
3430      5451465.57000000
3431      5457481.45000000
3432      5463501.95000000
3433      5469527.05000000
3434      5475556.77000000
3435      5481591.11000000
3436      5487630.06000000
3437      5493673.63000000
3438      5499721.81000000
3439      5505774.62000000
3440      5511832.05000000
3441      5517894.10000000
3442      5523960.78000000
3443      5530032.08000000
3444      5536108.00000000
3445      5542188.56000000
3446      5548273.74000000
3447      5554363.56000000
3448      5560458.00000000
3449      5566557.08000000
3450      5572660.80000000
3451      5578769.15000000
3452      5584882.14000000
3453      5590999.76000000
3454      5597122.03000000
3455      5603248.94000000
3456      5609380.48000000
3457      5615516.68000000
3458      5621657.51000000
3459      5627803.00000000
3460      5633953.13000000
3461      5640107.91000000
3462      5646267.34000000
3463      5652431.42000000
3464      5658600.16000000
3465      5664773.55000000
3466      5670951.59000000
3467      5677134.29000000
3468      5683321.65000000
3469      5689513.67000000
3470      5695710.35000000
3471      5701911.69000000
3472      5708117.69000000
3473      5714328.36000000
3474      5720543.69000000
3475      5726763.69000000
3476      5732988.36000000
3477      5739217.70000000
3478      5745451.71000000
3479      5751690.39000000
3480      5757933.74000000
3481      5764181.77000000
3482      5770434.48000000
3483      5776691.86000000
3484      5782953.92000000
3485      5789220.66000000
3486      5795492.08000000
3487      5801768.18000000
3488      5808048.96000000
3489      5814334.43000000
3490      5820624.59000000
3491      5826919.43000000
3492      5833218.96000000
3493      5839523.19000000
3494      5845832.10000000
3495      5852145.70000000
3496      5858464.00000000
3497      5864786.99000000
3498      5871114.68000000
3499      5877447.07000000
3500      5883784.15000000
