   1           13.91189000
   2           25.47472000
   3           37.12099000
   4           48.78641000
   5           60.45927000
   6           72.13579000
   7           83.81439000
   8           95.49430000
   9          107.17508000
  10          118.85649000
  11          130.53835000
  12          142.22055000
  13          153.90304000
  14          165.58574000
  15          177.26863000
  16          188.95167000
  17          200.63485000
  18          212.31814000
  19          224.00153000
  20          235.68501000
  21          247.36857000
  22          259.05221000
  23          270.73591000
  24          282.41967000
  25          294.10350000
  26          305.78738000
  27          317.47131000
  28          329.15530000
  29          340.83933000
  30          352.52340000
  31          364.20752000
  32          375.89168000
  33          387.57589000
  34          399.26013000
  35          410.94441000
  36          422.62874000
  37          434.31309000
  38          445.99749000
  39          457.68192000
  40          469.36639000
  41          481.05089000
  42          492.73543000
  43          504.41999000
  44          516.10460000
  45          527.78924000
  46          539.47391000
  47          551.15861000
  48          562.84335000
  49          574.52812000
  50          586.21292000
  51          597.89776000
  52          609.58262000
  53          621.26752000
  54          632.95246000
  55          644.63743000
  56          656.32243000
  57          668.00747000
  58          679.69255000
  59          691.37767000
  60          703.06283000
  61          714.74803000
  62          726.43327000
  63          738.11857000
  64          749.80393000
  65          761.48934000
  66          773.17481000
  67          784.86036000
  68          796.54598000
  69          808.23170000
  70          819.91751000
  71          831.60343000
  72          843.28947000
  73          854.97564000
  74          866.66197000
  75          878.34847000
  76          890.03515000
  77          901.72204000
  78          913.40917000
  79          925.09655000
  80          936.78422000
  81          948.47220000
  82          960.16054000
  83          971.84926000
  84          983.53841000
  85          995.22802000
  86         1006.91815000
  87         1018.60883000
  88         1030.30013000
  89         1041.99209000
  90         1053.68477000
  91         1065.37823000
  92         1077.07255000
  93         1088.76779000
  94         1100.46401000
  95         1112.16130000
  96         1123.85975000
  97         1135.55942000
  98         1147.26042000
  99         1158.96283000
 100         1170.66675000
 101         1182.37228000
 102         1194.07952000
 103         1205.78860000
 104         1217.49961000
 105         1229.21267000
 106         1240.92792000
 107         1252.64547000
 108         1264.36545000
 109         1276.08800000
 110         1287.81326000
 111         1299.54136000
 112         1311.27247000
 113         1323.00672000
 114         1334.74427000
 115         1346.48529000
 116         1358.22993000
 117         1369.97836000
 118         1381.73076000
 119         1393.48729000
 120         1405.24814000
 121         1417.01349000
 122         1428.78352000
 123         1440.55842000
 124         1452.33839000
 125         1464.12362000
 126         1475.91431000
 127         1487.71067000
 128         1499.51290000
 129         1511.32121000
 130         1523.13581000
 131         1534.95691000
 132         1546.78475000
 133         1558.61953000
 134         1570.46148000
 135         1582.31083000
 136         1594.16781000
 137         1606.03264000
 138         1617.90557000
 139         1629.78682000
 140         1641.67664000
 141         1653.57526000
 142         1665.48293000
 143         1677.39990000
 144         1689.32640000
 145         1701.26269000
 146         1713.20902000
 147         1725.16564000
 148         1737.13280000
 149         1749.11075000
 150         1761.09976000
 151         1773.10008000
 152         1785.11197000
 153         1797.13568000
 154         1809.17149000
 155         1821.21964000
 156         1833.28041000
 157         1845.35406000
 158         1857.44085000
 159         1869.54105000
 160         1881.65492000
 161         1893.78273000
 162         1905.92475000
 163         1918.08124000
 164         1930.25248000
 165         1942.43873000
 166         1954.64026000
 167         1966.85735000
 168         1979.09025000
 169         1991.33925000
 170         2003.60460000
 171         2015.88659000
 172         2028.18548000
 173         2040.50154000
 174         2052.83503000
 175         2065.18624000
 176         2077.55544000
 177         2089.94288000
 178         2102.34884000
 179         2114.77359000
 180         2127.21740000
 181         2139.68054000
 182         2152.16327000
 183         2164.66586000
 184         2177.18859000
 185         2189.73171000
 186         2202.29550000
 187         2214.88022000
 188         2227.48614000
 189         2240.11352000
 190         2252.76262000
 191         2265.43372000
 192         2278.12707000
 193         2290.84293000
 194         2303.58158000
 195         2316.34327000
 196         2329.12826000
 197         2341.93680000
 198         2354.76918000
 199         2367.62563000
 200         2380.50641000
 201         2393.41180000
 202         2406.34203000
 203         2419.29737000
 204         2432.27808000
 205         2445.28440000
 206         2458.31659000
 207         2471.37490000
 208         2484.45959000
 209         2497.57090000
 210         2510.70909000
 211         2523.87440000
 212         2537.06708000
 213         2550.28739000
 214         2563.53556000
 215         2576.81185000
 216         2590.11649000
 217         2603.44973000
 218         2616.81182000
 219         2630.20300000
 220         2643.62351000
 221         2657.07359000
 222         2670.55348000
 223         2684.06342000
 224         2697.60364000
 225         2711.17440000
 226         2724.77591000
 227         2738.40842000
 228         2752.07216000
 229         2765.76737000
 230         2779.49428000
 231         2793.25311000
 232         2807.04412000
 233         2820.86751000
 234         2834.72353000
 235         2848.61240000
 236         2862.53435000
 237         2876.48961000
 238         2890.47840000
 239         2904.50095000
 240         2918.55749000
 241         2932.64824000
 242         2946.77342000
 243         2960.93325000
 244         2975.12796000
 245         2989.35777000
 246         3003.62290000
 247         3017.92356000
 248         3032.25998000
 249         3046.63237000
 250         3061.04096000
 251         3075.48595000
 252         3089.96757000
 253         3104.48603000
 254         3119.04154000
 255         3133.63432000
 256         3148.26458000
 257         3162.93253000
 258         3177.63838000
 259         3192.38235000
 260         3207.16465000
 261         3221.98548000
 262         3236.84505000
 263         3251.74358000
 264         3266.68127000
 265         3281.65832000
 266         3296.67495000
 267         3311.73136000
 268         3326.82775000
 269         3341.96434000
 270         3357.14131000
 271         3372.35889000
 272         3387.61726000
 273         3402.91664000
 274         3418.25722000
 275         3433.63920000
 276         3449.06279000
 277         3464.52819000
 278         3480.03560000
 279         3495.58521000
 280         3511.17722000
 281         3526.81183000
 282         3542.48925000
 283         3558.20966000
 284         3573.97327000
 285         3589.78026000
 286         3605.63084000
 287         3621.52520000
 288         3637.46353000
 289         3653.44604000
 290         3669.47291000
 291         3685.54433000
 292         3701.66051000
 293         3717.82163000
 294         3734.02788000
 295         3750.27946000
 296         3766.57655000
 297         3782.91936000
 298         3799.30807000
 299         3815.74286000
 300         3832.22394000
 301         3848.75149000
 302         3865.32569000
 303         3881.94674000
 304         3898.61483000
 305         3915.33014000
 306         3932.09287000
 307         3948.90319000
 308         3965.76131000
 309         3982.66739000
 310         3999.62164000
 311         4016.62423000
 312         4033.67535000
 313         4050.77520000
 314         4067.92395000
 315         4085.12178000
 316         4102.36890000
 317         4119.66547000
 318         4137.01168000
 319         4154.40772000
 320         4171.85377000
 321         4189.35002000
 322         4206.89664000
 323         4224.49383000
 324         4242.14176000
 325         4259.84062000
 326         4277.59059000
 327         4295.39185000
 328         4313.24459000
 329         4331.14899000
 330         4349.10522000
 331         4367.11347000
 332         4385.17392000
 333         4403.28676000
 334         4421.45216000
 335         4439.67031000
 336         4457.94138000
 337         4476.26556000
 338         4494.64303000
 339         4513.07396000
 340         4531.55854000
 341         4550.09695000
 342         4568.68937000
 343         4587.33598000
 344         4606.03695000
 345         4624.79247000
 346         4643.60272000
 347         4662.46787000
 348         4681.38811000
 349         4700.36362000
 350         4719.39456000
 351         4738.48114000
 352         4757.62351000
 353         4776.82186000
 354         4796.07638000
 355         4815.38723000
 356         4834.75460000
 357         4854.17867000
 358         4873.65961000
 359         4893.19761000
 360         4912.79284000
 361         4932.44547000
 362         4952.15570000
 363         4971.92369000
 364         4991.74963000
 365         5011.63370000
 366         5031.57606000
 367         5051.57691000
 368         5071.63641000
 369         5091.75476000
 370         5111.93211000
 371         5132.16867000
 372         5152.46459000
 373         5172.82006000
 374         5193.23526000
 375         5213.71037000
 376         5234.24557000
 377         5254.84102000
 378         5275.49692000
 379         5296.21344000
 380         5316.99076000
 381         5337.82905000
 382         5358.72850000
 383         5379.68929000
 384         5400.71158000
 385         5421.79557000
 386         5442.94142000
 387         5464.14932000
 388         5485.41945000
 389         5506.75199000
 390         5528.14711000
 391         5549.60499000
 392         5571.12581000
 393         5592.70976000
 394         5614.35700000
 395         5636.06773000
 396         5657.84211000
 397         5679.68033000
 398         5701.58257000
 399         5723.54900000
 400         5745.57981000
 401         5767.67517000
 402         5789.83527000
 403         5812.06029000
 404         5834.35040000
 405         5856.70578000
 406         5879.12662000
 407         5901.61309000
 408         5924.16538000
 409         5946.78367000
 410         5969.46813000
 411         5992.21895000
 412         6015.03630000
 413         6037.92037000
 414         6060.87135000
 415         6083.88940000
 416         6106.97471000
 417         6130.12747000
 418         6153.34785000
 419         6176.63604000
 420         6199.99221000
 421         6223.41655000
 422         6246.90925000
 423         6270.47048000
 424         6294.10042000
 425         6317.79926000
 426         6341.56718000
 427         6365.40437000
 428         6389.31100000
 429         6413.28726000
 430         6437.33334000
 431         6461.44940000
 432         6485.63565000
 433         6509.89226000
 434         6534.21942000
 435         6558.61730000
 436         6583.08610000
 437         6607.62600000
 438         6632.23719000
 439         6656.91984000
 440         6681.67414000
 441         6706.50028000
 442         6731.39844000
 443         6756.36881000
 444         6781.41157000
 445         6806.52691000
 446         6831.71502000
 447         6856.97608000
 448         6882.31027000
 449         6907.71778000
 450         6933.19881000
 451         6958.75353000
 452         6984.38214000
 453         7010.08481000
 454         7035.86175000
 455         7061.71313000
 456         7087.63914000
 457         7113.63997000
 458         7139.71581000
 459         7165.86685000
 460         7192.09328000
 461         7218.39528000
 462         7244.77304000
 463         7271.22676000
 464         7297.75661000
 465         7324.36280000
 466         7351.04551000
 467         7377.80493000
 468         7404.64126000
 469         7431.55467000
 470         7458.54537000
 471         7485.61354000
 472         7512.75937000
 473         7539.98307000
 474         7567.28480000
 475         7594.66478000
 476         7622.12319000
 477         7649.66022000
 478         7677.27606000
 479         7704.97091000
 480         7732.74497000
 481         7760.59842000
 482         7788.53145000
 483         7816.54427000
 484         7844.63706000
 485         7872.81002000
 486         7901.06334000
 487         7929.39722000
 488         7957.81185000
 489         7986.30743000
 490         8014.88415000
 491         8043.54220000
 492         8072.28180000
 493         8101.10312000
 494         8130.00636000
 495         8158.99173000
 496         8188.05942000
 497         8217.20962000
 498         8246.44253000
 499         8275.75836000
 500         8305.15729000
 501         8334.63953000
 502         8364.20527000
 503         8393.85471000
 504         8423.58806000
 505         8453.40550000
 506         8483.30725000
 507         8513.29349000
 508         8543.36443000
 509         8573.52027000
 510         8603.76121000
 511         8634.08744000
 512         8664.49918000
 513         8694.99662000
 514         8725.57996000
 515         8756.24940000
 516         8787.00515000
 517         8817.84741000
 518         8848.77638000
 519         8879.79225000
 520         8910.89525000
 521         8942.08556000
 522         8973.36340000
 523         9004.72896000
 524         9036.18245000
 525         9067.72408000
 526         9099.35404000
 527         9131.07255000
 528         9162.87981000
 529         9194.77602000
 530         9226.76139000
 531         9258.83612000
 532         9291.00043000
 533         9323.25451000
 534         9355.59858000
 535         9388.03285000
 536         9420.55751000
 537         9453.17278000
 538         9485.87886000
 539         9518.67597000
 540         9551.56431000
 541         9584.54408000
 542         9617.61551000
 543         9650.77880000
 544         9684.03415000
 545         9717.38179000
 546         9750.82191000
 547         9784.35473000
 548         9817.98046000
 549         9851.69931000
 550         9885.51150000
 551         9919.41722000
 552         9953.41671000
 553         9987.51016000
 554        10021.69780000
 555        10055.97980000
 556        10090.35640000
 557        10124.82790000
 558        10159.39440000
 559        10194.05610000
 560        10228.81330000
 561        10263.66620000
 562        10298.61500000
 563        10333.65980000
 564        10368.80100000
 565        10404.03880000
 566        10439.37320000
 567        10474.80470000
 568        10510.33330000
 569        10545.95940000
 570        10581.68310000
 571        10617.50460000
 572        10653.42410000
 573        10689.44200000
 574        10725.55830000
 575        10761.77340000
 576        10798.08740000
 577        10834.50050000
 578        10871.01300000
 579        10907.62510000
 580        10944.33710000
 581        10981.14900000
 582        11018.06120000
 583        11055.07390000
 584        11092.18730000
 585        11129.40160000
 586        11166.71700000
 587        11204.13380000
 588        11241.65220000
 589        11279.27240000
 590        11316.99470000
 591        11354.81920000
 592        11392.74620000
 593        11430.77580000
 594        11468.90850000
 595        11507.14430000
 596        11545.48340000
 597        11583.92620000
 598        11622.47280000
 599        11661.12350000
 600        11699.87840000
 601        11738.73790000
 602        11777.70210000
 603        11816.77130000
 604        11855.94570000
 605        11895.22550000
 606        11934.61100000
 607        11974.10230000
 608        12013.69980000
 609        12053.40360000
 610        12093.21400000
 611        12133.13120000
 612        12173.15540000
 613        12213.28690000
 614        12253.52590000
 615        12293.87260000
 616        12334.32730000
 617        12374.89020000
 618        12415.56150000
 619        12456.34150000
 620        12497.23030000
 621        12538.22830000
 622        12579.33560000
 623        12620.55260000
 624        12661.87930000
 625        12703.31620000
 626        12744.86330000
 627        12786.52100000
 628        12828.28940000
 629        12870.16890000
 630        12912.15960000
 631        12954.26170000
 632        12996.47560000
 633        13038.80150000
 634        13081.23950000
 635        13123.79000000
 636        13166.45320000
 637        13209.22930000
 638        13252.11850000
 639        13295.12110000
 640        13338.23730000
 641        13381.46740000
 642        13424.81160000
 643        13468.27020000
 644        13511.84340000
 645        13555.53140000
 646        13599.33450000
 647        13643.25290000
 648        13687.28680000
 649        13731.43660000
 650        13775.70240000
 651        13820.08460000
 652        13864.58320000
 653        13909.19870000
 654        13953.93110000
 655        13998.78090000
 656        14043.74810000
 657        14088.83310000
 658        14134.03620000
 659        14179.35750000
 660        14224.79730000
 661        14270.35580000
 662        14316.03340000
 663        14361.83020000
 664        14407.74640000
 665        14453.78250000
 666        14499.93850000
 667        14546.21480000
 668        14592.61160000
 669        14639.12910000
 670        14685.76760000
 671        14732.52730000
 672        14779.40860000
 673        14826.41150000
 674        14873.53650000
 675        14920.78380000
 676        14968.15350000
 677        15015.64600000
 678        15063.26150000
 679        15111.00030000
 680        15158.86260000
 681        15206.84870000
 682        15254.95880000
 683        15303.19310000
 684        15351.55200000
 685        15400.03580000
 686        15448.64450000
 687        15497.37860000
 688        15546.23820000
 689        15595.22360000
 690        15644.33520000
 691        15693.57300000
 692        15742.93750000
 693        15792.42880000
 694        15842.04720000
 695        15891.79300000
 696        15941.66640000
 697        15991.66770000
 698        16041.79720000
 699        16092.05510000
 700        16142.44160000
 701        16192.95710000
 702        16243.60180000
 703        16294.37600000
 704        16345.27980000
 705        16396.31370000
 706        16447.47780000
 707        16498.77240000
 708        16550.19780000
 709        16601.75420000
 710        16653.44200000
 711        16705.26130000
 712        16757.21240000
 713        16809.29570000
 714        16861.51130000
 715        16913.85960000
 716        16966.34070000
 717        17018.95510000
 718        17071.70280000
 719        17124.58430000
 720        17177.59980000
 721        17230.74950000
 722        17284.03370000
 723        17337.45270000
 724        17391.00670000
 725        17444.69610000
 726        17498.52110000
 727        17552.48190000
 728        17606.57890000
 729        17660.81230000
 730        17715.18230000
 731        17769.68940000
 732        17824.33360000
 733        17879.11540000
 734        17934.03490000
 735        17989.09250000
 736        18044.28830000
 737        18099.62280000
 738        18155.09620000
 739        18210.70870000
 740        18266.46070000
 741        18322.35230000
 742        18378.38390000
 743        18434.55580000
 744        18490.86820000
 745        18547.32140000
 746        18603.91570000
 747        18660.65140000
 748        18717.52870000
 749        18774.54800000
 750        18831.70950000
 751        18889.01340000
 752        18946.46010000
 753        19004.04990000
 754        19061.78300000
 755        19119.65970000
 756        19177.68030000
 757        19235.84500000
 758        19294.15420000
 759        19352.60820000
 760        19411.20720000
 761        19469.95150000
 762        19528.84140000
 763        19587.87720000
 764        19647.05910000
 765        19706.38750000
 766        19765.86270000
 767        19825.48480000
 768        19885.25430000
 769        19945.17130000
 770        20005.23620000
 771        20065.44940000
 772        20125.81090000
 773        20186.32120000
 774        20246.98060000
 775        20307.78930000
 776        20368.74750000
 777        20429.85570000
 778        20491.11410000
 779        20552.52300000
 780        20614.08270000
 781        20675.79340000
 782        20737.65550000
 783        20799.66930000
 784        20861.83500000
 785        20924.15290000
 786        20986.62340000
 787        21049.24670000
 788        21112.02310000
 789        21174.95300000
 790        21238.03650000
 791        21301.27410000
 792        21364.66600000
 793        21428.21250000
 794        21491.91380000
 795        21555.77040000
 796        21619.78250000
 797        21683.95030000
 798        21748.27430000
 799        21812.75460000
 800        21877.39170000
 801        21942.18570000
 802        22007.13700000
 803        22072.24590000
 804        22137.51270000
 805        22202.93760000
 806        22268.52110000
 807        22334.26340000
 808        22400.16470000
 809        22466.22550000
 810        22532.44590000
 811        22598.82640000
 812        22665.36720000
 813        22732.06850000
 814        22798.93080000
 815        22865.95440000
 816        22933.13940000
 817        23000.48630000
 818        23067.99530000
 819        23135.66680000
 820        23203.50110000
 821        23271.49840000
 822        23339.65900000
 823        23407.98340000
 824        23476.47170000
 825        23545.12440000
 826        23613.94160000
 827        23682.92380000
 828        23752.07110000
 829        23821.38410000
 830        23890.86280000
 831        23960.50780000
 832        24030.31920000
 833        24100.29740000
 834        24170.44270000
 835        24240.75540000
 836        24311.23580000
 837        24381.88430000
 838        24452.70110000
 839        24523.68660000
 840        24594.84100000
 841        24666.16480000
 842        24737.65820000
 843        24809.32150000
 844        24881.15510000
 845        24953.15920000
 846        25025.33420000
 847        25097.68040000
 848        25170.19820000
 849        25242.88770000
 850        25315.74950000
 851        25388.78370000
 852        25461.99070000
 853        25535.37080000
 854        25608.92440000
 855        25682.65170000
 856        25756.55310000
 857        25830.62890000
 858        25904.87940000
 859        25979.30500000
 860        26053.90600000
 861        26128.68260000
 862        26203.63530000
 863        26278.76430000
 864        26354.07000000
 865        26429.55270000
 866        26505.21270000
 867        26581.05040000
 868        26657.06600000
 869        26733.26000000
 870        26809.63260000
 871        26886.18410000
 872        26962.91490000
 873        27039.82540000
 874        27116.91570000
 875        27194.18640000
 876        27271.63760000
 877        27349.26980000
 878        27427.08330000
 879        27505.07840000
 880        27583.25530000
 881        27661.61460000
 882        27740.15640000
 883        27818.88120000
 884        27897.78920000
 885        27976.88080000
 886        28056.15640000
 887        28135.61620000
 888        28215.26060000
 889        28295.08990000
 890        28375.10460000
 891        28455.30480000
 892        28535.69090000
 893        28616.26340000
 894        28697.02240000
 895        28777.96840000
 896        28859.10170000
 897        28940.42270000
 898        29021.93160000
 899        29103.62880000
 900        29185.51470000
 901        29267.58950000
 902        29349.85370000
 903        29432.30760000
 904        29514.95150000
 905        29597.78570000
 906        29680.81060000
 907        29764.02660000
 908        29847.43400000
 909        29931.03310000
 910        30014.82430000
 911        30098.80790000
 912        30182.98430000
 913        30267.35370000
 914        30351.91670000
 915        30436.67340000
 916        30521.62430000
 917        30606.76970000
 918        30692.11000000
 919        30777.64540000
 920        30863.37640000
 921        30949.30320000
 922        31035.42630000
 923        31121.74600000
 924        31208.26270000
 925        31294.97660000
 926        31381.88820000
 927        31468.99780000
 928        31556.30570000
 929        31643.81230000
 930        31731.51800000
 931        31819.42310000
 932        31907.52790000
 933        31995.83290000
 934        32084.33830000
 935        32173.04460000
 936        32261.95200000
 937        32351.06100000
 938        32440.37190000
 939        32529.88500000
 940        32619.60070000
 941        32709.51940000
 942        32799.64140000
 943        32889.96710000
 944        32980.49680000
 945        33071.23090000
 946        33162.16980000
 947        33253.31380000
 948        33344.66330000
 949        33436.21860000
 950        33527.98010000
 951        33619.94820000
 952        33712.12330000
 953        33804.50560000
 954        33897.09560000
 955        33989.89350000
 956        34082.89990000
 957        34176.11500000
 958        34269.53930000
 959        34363.17300000
 960        34457.01650000
 961        34551.07030000
 962        34645.33460000
 963        34739.80990000
 964        34834.49650000
 965        34929.39480000
 966        35024.50510000
 967        35119.82780000
 968        35215.36340000
 969        35311.11210000
 970        35407.07430000
 971        35503.25040000
 972        35599.64080000
 973        35696.24580000
 974        35793.06590000
 975        35890.10130000
 976        35987.35250000
 977        36084.81980000
 978        36182.50360000
 979        36280.40440000
 980        36378.52230000
 981        36476.85790000
 982        36575.41150000
 983        36674.18350000
 984        36773.17430000
 985        36872.38420000
 986        36971.81360000
 987        37071.46290000
 988        37171.33250000
 989        37271.42270000
 990        37371.73390000
 991        37472.26660000
 992        37573.02110000
 993        37673.99770000
 994        37775.19690000
 995        37876.61900000
 996        37978.26440000
 997        38080.13350000
 998        38182.22670000
 999        38284.54440000
1000        38387.08690000
1001        38489.85470000
1002        38592.84800000
1003        38696.06740000
1004        38799.51310000
1005        38903.18570000
1006        39007.08540000
1007        39111.21260000
1008        39215.56780000
1009        39320.15120000
1010        39424.96340000
1011        39530.00480000
1012        39635.27550000
1013        39740.77620000
1014        39846.50710000
1015        39952.46870000
1016        40058.66140000
1017        40165.08550000
1018        40271.74140000
1019        40378.62950000
1020        40485.75030000
1021        40593.10410000
1022        40700.69130000
1023        40808.51230000
1024        40916.56740000
1025        41024.85720000
1026        41133.38200000
1027        41242.14210000
1028        41351.13800000
1029        41460.37010000
1030        41569.83880000
1031        41679.54440000
1032        41789.48740000
1033        41899.66820000
1034        42010.08710000
1035        42120.74460000
1036        42231.64110000
1037        42342.77690000
1038        42454.15250000
1039        42565.76830000
1040        42677.62460000
1041        42789.72200000
1042        42902.06070000
1043        43014.64110000
1044        43127.46380000
1045        43240.52910000
1046        43353.83730000
1047        43467.38900000
1048        43581.18440000
1049        43695.22410000
1050        43809.50830000
1051        43924.03760000
1052        44038.81240000
1053        44153.83300000
1054        44269.09980000
1055        44384.61330000
1056        44500.37380000
1057        44616.38180000
1058        44732.63770000
1059        44849.14200000
1060        44965.89490000
1061        45082.89690000
1062        45200.14850000
1063        45317.65000000
1064        45435.40190000
1065        45553.40450000
1066        45671.65840000
1067        45790.16380000
1068        45908.92130000
1069        46027.93110000
1070        46147.19390000
1071        46266.70990000
1072        46386.47960000
1073        46506.50330000
1074        46626.78160000
1075        46747.31480000
1076        46868.10340000
1077        46989.14780000
1078        47110.44830000
1079        47232.00550000
1080        47353.81970000
1081        47475.89130000
1082        47598.22080000
1083        47720.80860000
1084        47843.65520000
1085        47966.76080000
1086        48090.12610000
1087        48213.75130000
1088        48337.63690000
1089        48461.78340000
1090        48586.19120000
1091        48710.86060000
1092        48835.79220000
1093        48960.98630000
1094        49086.44330000
1095        49212.16380000
1096        49338.14810000
1097        49464.39660000
1098        49590.90990000
1099        49717.68820000
1100        49844.73210000
1101        49972.04200000
1102        50099.61820000
1103        50227.46140000
1104        50355.57170000
1105        50483.94980000
1106        50612.59600000
1107        50741.51080000
1108        50870.69460000
1109        51000.14780000
1110        51129.87090000
1111        51259.86430000
1112        51390.12840000
1113        51520.66370000
1114        51651.47070000
1115        51782.54960000
1116        51913.90110000
1117        52045.52550000
1118        52177.42330000
1119        52309.59480000
1120        52442.04060000
1121        52574.76110000
1122        52707.75680000
1123        52841.02800000
1124        52974.57520000
1125        53108.39880000
1126        53242.49940000
1127        53376.87720000
1128        53511.53290000
1129        53646.46680000
1130        53781.67930000
1131        53917.17100000
1132        54052.94220000
1133        54188.99340000
1134        54325.32510000
1135        54461.93770000
1136        54598.83160000
1137        54736.00730000
1138        54873.46530000
1139        55011.20590000
1140        55149.22970000
1141        55287.53700000
1142        55426.12850000
1143        55565.00430000
1144        55704.16520000
1145        55843.61140000
1146        55983.34350000
1147        56123.36180000
1148        56263.66700000
1149        56404.25930000
1150        56545.13920000
1151        56686.30730000
1152        56827.76400000
1153        56969.50970000
1154        57111.54480000
1155        57253.86990000
1156        57396.48540000
1157        57539.39180000
1158        57682.58940000
1159        57826.07880000
1160        57969.86040000
1161        58113.93480000
1162        58258.30220000
1163        58402.96330000
1164        58547.91840000
1165        58693.16810000
1166        58838.71280000
1167        58984.55290000
1168        59130.68890000
1169        59277.12130000
1170        59423.85050000
1171        59570.87710000
1172        59718.20140000
1173        59865.82400000
1174        60013.74520000
1175        60161.96560000
1176        60310.48570000
1177        60459.30590000
1178        60608.42660000
1179        60757.84840000
1180        60907.57170000
1181        61057.59700000
1182        61207.92470000
1183        61358.55530000
1184        61509.48930000
1185        61660.72720000
1186        61812.26940000
1187        61964.11640000
1188        62116.26870000
1189        62268.72670000
1190        62421.49100000
1191        62574.56190000
1192        62727.94010000
1193        62881.62580000
1194        63035.61970000
1195        63189.92220000
1196        63344.53380000
1197        63499.45500000
1198        63654.68610000
1199        63810.22780000
1200        63966.08040000
1201        64122.24460000
1202        64278.72060000
1203        64435.50910000
1204        64592.61050000
1205        64750.02530000
1206        64907.75400000
1207        65065.79700000
1208        65224.15490000
1209        65382.82810000
1210        65541.81700000
1211        65701.12230000
1212        65860.74430000
1213        66020.68360000
1214        66180.94070000
1215        66341.51590000
1216        66502.40990000
1217        66663.62310000
1218        66825.15590000
1219        66987.00900000
1220        67149.18270000
1221        67311.67760000
1222        67474.49410000
1223        67637.63280000
1224        67801.09400000
1225        67964.87840000
1226        68128.98640000
1227        68293.41860000
1228        68458.17530000
1229        68623.25710000
1230        68788.66440000
1231        68954.39790000
1232        69120.45790000
1233        69286.84500000
1234        69453.55960000
1235        69620.60240000
1236        69787.97360000
1237        69955.67390000
1238        70123.70380000
1239        70292.06370000
1240        70460.75420000
1241        70629.77570000
1242        70799.12870000
1243        70968.81380000
1244        71138.83150000
1245        71309.18220000
1246        71479.86640000
1247        71650.88470000
1248        71822.23760000
1249        71993.92550000
1250        72165.94900000
1251        72338.30850000
1252        72511.00460000
1253        72684.03780000
1254        72857.40860000
1255        73031.11740000
1256        73205.16490000
1257        73379.55150000
1258        73554.27760000
1259        73729.34390000
1260        73904.75090000
1261        74080.49890000
1262        74256.58860000
1263        74433.02050000
1264        74609.79500000
1265        74786.91280000
1266        74964.37420000
1267        75142.17980000
1268        75320.33010000
1269        75498.82570000
1270        75677.66700000
1271        75856.85460000
1272        76036.38900000
1273        76216.27060000
1274        76396.50010000
1275        76577.07790000
1276        76758.00450000
1277        76939.28050000
1278        77120.90640000
1279        77302.88260000
1280        77485.20980000
1281        77667.88840000
1282        77850.91900000
1283        78034.30200000
1284        78218.03800000
1285        78402.12760000
1286        78586.57120000
1287        78771.36940000
1288        78956.52260000
1289        79142.03150000
1290        79327.89650000
1291        79514.11810000
1292        79700.69700000
1293        79887.63350000
1294        80074.92830000
1295        80262.58190000
1296        80450.59470000
1297        80638.96740000
1298        80827.70040000
1299        81016.79430000
1300        81206.24960000
1301        81396.06690000
1302        81586.24660000
1303        81776.78930000
1304        81967.69560000
1305        82158.96590000
1306        82350.60080000
1307        82542.60080000
1308        82734.96650000
1309        82927.69840000
1310        83120.79700000
1311        83314.26290000
1312        83508.09650000
1313        83702.29860000
1314        83896.86950000
1315        84091.80980000
1316        84287.12000000
1317        84482.80080000
1318        84678.85260000
1319        84875.27590000
1320        85072.07130000
1321        85269.23940000
1322        85466.78070000
1323        85664.69570000
1324        85862.98500000
1325        86061.64910000
1326        86260.68850000
1327        86460.10390000
1328        86659.89570000
1329        86860.06450000
1330        87060.61080000
1331        87261.53520000
1332        87462.83820000
1333        87664.52040000
1334        87866.58230000
1335        88069.02450000
1336        88271.84750000
1337        88475.05190000
1338        88678.63810000
1339        88882.60690000
1340        89086.95860000
1341        89291.69390000
1342        89496.81340000
1343        89702.31750000
1344        89908.20680000
1345        90114.48190000
1346        90321.14330000
1347        90528.19160000
1348        90735.62730000
1349        90943.45100000
1350        91151.66330000
1351        91360.26470000
1352        91569.25570000
1353        91778.63690000
1354        91988.40900000
1355        92198.57230000
1356        92409.12750000
1357        92620.07520000
1358        92831.41590000
1359        93043.15020000
1360        93255.27860000
1361        93467.80170000
1362        93680.72000000
1363        93894.03420000
1364        94107.74470000
1365        94321.85220000
1366        94536.35720000
1367        94751.26020000
1368        94966.56190000
1369        95182.26280000
1370        95398.36350000
1371        95614.86450000
1372        95831.76640000
1373        96049.06980000
1374        96266.77520000
1375        96484.88320000
1376        96703.39440000
1377        96922.30930000
1378        97141.62860000
1379        97361.35270000
1380        97581.48230000
1381        97802.01790000
1382        98022.96020000
1383        98244.30960000
1384        98466.06670000
1385        98688.23220000
1386        98910.80660000
1387        99133.79040000
1388        99357.18430000
1389        99580.98880000
1390        99805.20460000
1391       100029.83200000
1392       100254.87200000
1393       100480.32500000
1394       100706.19100000
1395       100932.47100000
1396       101159.16600000
1397       101386.27700000
1398       101613.80300000
1399       101841.74600000
1400       102070.10500000
1401       102298.88200000
1402       102528.07800000
1403       102757.69200000
1404       102987.72500000
1405       103218.17800000
1406       103449.05200000
1407       103680.34700000
1408       103912.06400000
1409       104144.20300000
1410       104376.76400000
1411       104609.74900000
1412       104843.15900000
1413       105076.99200000
1414       105311.25100000
1415       105545.93600000
1416       105781.04700000
1417       106016.58500000
1418       106252.55100000
1419       106488.94500000
1420       106725.76700000
1421       106963.01900000
1422       107200.70100000
1423       107438.81400000
1424       107677.35700000
1425       107916.33200000
1426       108155.74000000
1427       108395.58000000
1428       108635.85500000
1429       108876.56300000
1430       109117.70500000
1431       109359.28400000
1432       109601.29800000
1433       109843.74800000
1434       110086.63600000
1435       110329.96100000
1436       110573.72500000
1437       110817.92700000
1438       111062.56900000
1439       111307.65200000
1440       111553.17500000
1441       111799.13900000
1442       112045.54500000
1443       112292.39400000
1444       112539.68600000
1445       112787.42100000
1446       113035.60100000
1447       113284.22600000
1448       113533.29600000
1449       113782.81300000
1450       114032.77600000
1451       114283.18700000
1452       114534.04600000
1453       114785.35300000
1454       115037.11000000
1455       115289.31700000
1456       115541.97300000
1457       115795.08100000
1458       116048.64100000
1459       116302.65300000
1460       116557.11800000
1461       116812.03600000
1462       117067.40900000
1463       117323.23600000
1464       117579.51800000
1465       117836.25700000
1466       118093.45200000
1467       118351.10500000
1468       118609.21500000
1469       118867.78300000
1470       119126.81100000
1471       119386.29900000
1472       119646.24600000
1473       119906.65500000
1474       120167.52500000
1475       120428.85800000
1476       120690.65300000
1477       120952.91200000
1478       121215.63400000
1479       121478.82200000
1480       121742.47400000
1481       122006.59300000
1482       122271.17800000
1483       122536.23000000
1484       122801.75000000
1485       123067.73900000
1486       123334.19600000
1487       123601.12400000
1488       123868.52100000
1489       124136.39000000
1490       124404.73000000
1491       124673.54200000
1492       124942.82800000
1493       125212.58600000
1494       125482.81900000
1495       125753.52600000
1496       126024.70900000
1497       126296.36800000
1498       126568.50400000
1499       126841.11600000
1500       127114.20700000
1501       127387.77600000
1502       127661.82500000
1503       127936.35300000
1504       128211.36200000
1505       128486.85200000
1506       128762.82300000
1507       129039.27700000
1508       129316.21400000
1509       129593.63500000
1510       129871.53900000
1511       130149.92900000
1512       130428.80500000
1513       130708.16600000
1514       130988.01500000
1515       131268.35100000
1516       131549.17500000
1517       131830.48800000
1518       132112.29000000
1519       132394.58300000
1520       132677.36600000
1521       132960.64100000
1522       133244.40800000
1523       133528.66700000
1524       133813.42000000
1525       134098.66600000
1526       134384.40800000
1527       134670.64400000
1528       134957.37700000
1529       135244.60600000
1530       135532.33200000
1531       135820.55700000
1532       136109.27900000
1533       136398.50100000
1534       136688.22300000
1535       136978.44600000
1536       137269.16900000
1537       137560.39500000
1538       137852.12200000
1539       138144.35300000
1540       138437.08800000
1541       138730.32700000
1542       139024.07200000
1543       139318.32200000
1544       139613.07800000
1545       139908.34200000
1546       140204.11300000
1547       140500.39300000
1548       140797.18100000
1549       141094.48000000
1550       141392.28900000
1551       141690.60900000
1552       141989.44000000
1553       142288.78400000
1554       142588.64200000
1555       142889.01200000
1556       143189.89800000
1557       143491.29800000
1558       143793.21400000
1559       144095.64600000
1560       144398.59600000
1561       144702.06300000
1562       145006.04800000
1563       145310.55300000
1564       145615.57700000
1565       145921.12200000
1566       146227.18800000
1567       146533.77500000
1568       146840.88500000
1569       147148.51800000
1570       147456.67500000
1571       147765.35600000
1572       148074.56300000
1573       148384.29500000
1574       148694.55300000
1575       149005.33900000
1576       149316.65300000
1577       149628.49500000
1578       149940.86600000
1579       150253.76700000
1580       150567.19900000
1581       150881.16200000
1582       151195.65600000
1583       151510.68400000
1584       151826.24400000
1585       152142.33900000
1586       152458.96800000
1587       152776.13200000
1588       153093.83300000
1589       153412.07000000
1590       153730.84400000
1591       154050.15700000
1592       154370.00800000
1593       154690.39900000
1594       155011.32900000
1595       155332.80100000
1596       155654.81400000
1597       155977.36900000
1598       156300.46700000
1599       156624.10900000
1600       156948.29400000
1601       157273.02500000
1602       157598.30100000
1603       157924.12400000
1604       158250.49400000
1605       158577.41100000
1606       158904.87600000
1607       159232.89100000
1608       159561.45600000
1609       159890.57100000
1610       160220.23700000
1611       160550.45500000
1612       160881.22500000
1613       161212.54900000
1614       161544.42700000
1615       161876.85900000
1616       162209.84700000
1617       162543.39100000
1618       162877.49100000
1619       163212.14900000
1620       163547.36500000
1621       163883.14000000
1622       164219.47500000
1623       164556.37000000
1624       164893.82500000
1625       165231.84300000
1626       165570.42200000
1627       165909.56500000
1628       166249.27200000
1629       166589.54300000
1630       166930.37900000
1631       167271.78100000
1632       167613.75000000
1633       167956.28600000
1634       168299.39000000
1635       168643.06300000
1636       168987.30500000
1637       169332.11700000
1638       169677.50000000
1639       170023.45500000
1640       170369.98200000
1641       170717.08200000
1642       171064.75600000
1643       171413.00400000
1644       171761.82700000
1645       172111.22600000
1646       172461.20200000
1647       172811.75500000
1648       173162.88500000
1649       173514.59500000
1650       173866.88400000
1651       174219.75300000
1652       174573.20300000
1653       174927.23500000
1654       175281.84900000
1655       175637.04500000
1656       175992.82600000
1657       176349.19100000
1658       176706.14100000
1659       177063.67700000
1660       177421.80000000
1661       177780.51000000
1662       178139.80800000
1663       178499.69500000
1664       178860.17200000
1665       179221.23800000
1666       179582.89600000
1667       179945.14500000
1668       180307.98700000
1669       180671.42200000
1670       181035.45100000
1671       181400.07400000
1672       181765.29300000
1673       182131.10800000
1674       182497.51900000
1675       182864.52800000
1676       183232.13600000
1677       183600.34200000
1678       183969.14800000
1679       184338.55400000
1680       184708.56200000
1681       185079.17100000
1682       185450.38400000
1683       185822.19900000
1684       186194.61900000
1685       186567.64300000
1686       186941.27300000
1687       187315.51000000
1688       187690.35300000
1689       188065.80500000
1690       188441.86400000
1691       188818.53400000
1692       189195.81300000
1693       189573.70300000
1694       189952.20400000
1695       190331.31700000
1696       190711.04400000
1697       191091.38400000
1698       191472.33900000
1699       191853.90900000
1700       192236.09500000
1701       192618.89800000
1702       193002.31800000
1703       193386.35600000
1704       193771.01300000
1705       194156.29000000
1706       194542.18700000
1707       194928.70500000
1708       195315.84600000
1709       195703.60900000
1710       196091.99500000
1711       196481.00600000
1712       196870.64100000
1713       197260.90200000
1714       197651.79000000
1715       198043.30400000
1716       198435.44700000
1717       198828.21800000
1718       199221.61900000
1719       199615.65000000
1720       200010.31200000
1721       200405.60500000
1722       200801.53100000
1723       201198.09000000
1724       201595.28400000
1725       201993.11100000
1726       202391.57500000
1727       202790.67400000
1728       203190.41100000
1729       203590.78500000
1730       203991.79800000
1731       204393.45000000
1732       204795.74200000
1733       205198.67400000
1734       205602.24900000
1735       206006.46500000
1736       206411.32500000
1737       206816.82900000
1738       207222.97700000
1739       207629.77000000
1740       208037.21000000
1741       208445.29600000
1742       208854.03100000
1743       209263.41300000
1744       209673.44500000
1745       210084.12700000
1746       210495.45900000
1747       210907.44300000
1748       211320.07900000
1749       211733.36800000
1750       212147.31100000
1751       212561.90900000
1752       212977.16200000
1753       213393.07100000
1754       213809.63700000
1755       214226.86100000
1756       214644.74300000
1757       215063.28400000
1758       215482.48500000
1759       215902.34700000
1760       216322.87000000
1761       216744.05600000
1762       217165.90500000
1763       217588.41800000
1764       218011.59500000
1765       218435.43800000
1766       218859.94600000
1767       219285.12200000
1768       219710.96600000
1769       220137.47800000
1770       220564.65900000
1771       220992.51100000
1772       221421.03300000
1773       221850.22700000
1774       222280.09400000
1775       222710.63300000
1776       223141.84700000
1777       223573.73500000
1778       224006.29900000
1779       224439.54000000
1780       224873.45700000
1781       225308.05200000
1782       225743.32700000
1783       226179.28000000
1784       226615.91400000
1785       227053.22900000
1786       227491.22600000
1787       227929.90500000
1788       228369.26800000
1789       228809.31500000
1790       229250.04700000
1791       229691.46500000
1792       230133.56900000
1793       230576.36100000
1794       231019.84100000
1795       231464.01000000
1796       231908.86800000
1797       232354.41800000
1798       232800.65800000
1799       233247.59100000
1800       233695.21700000
1801       234143.53600000
1802       234592.55000000
1803       235042.26000000
1804       235492.66500000
1805       235943.76700000
1806       236395.56700000
1807       236848.06600000
1808       237301.26400000
1809       237755.16200000
1810       238209.76100000
1811       238665.06200000
1812       239121.06500000
1813       239577.77100000
1814       240035.18200000
1815       240493.29800000
1816       240952.11900000
1817       241411.64700000
1818       241871.88200000
1819       242332.82500000
1820       242794.47700000
1821       243256.83900000
1822       243719.91200000
1823       244183.69600000
1824       244648.19200000
1825       245113.40100000
1826       245579.32400000
1827       246045.96200000
1828       246513.31500000
1829       246981.38400000
1830       247450.17000000
1831       247919.67400000
1832       248389.89700000
1833       248860.83900000
1834       249332.50100000
1835       249804.88500000
1836       250277.99000000
1837       250751.81800000
1838       251226.37000000
1839       251701.64600000
1840       252177.64700000
1841       252654.37400000
1842       253131.82800000
1843       253610.01000000
1844       254088.91900000
1845       254568.55900000
1846       255048.92800000
1847       255530.02800000
1848       256011.86000000
1849       256494.42400000
1850       256977.72200000
1851       257461.75400000
1852       257946.52000000
1853       258432.02300000
1854       258918.26200000
1855       259405.23900000
1856       259892.95400000
1857       260381.40800000
1858       260870.60200000
1859       261360.53700000
1860       261851.21300000
1861       262342.63100000
1862       262834.79300000
1863       263327.69900000
1864       263821.35000000
1865       264315.74600000
1866       264810.88900000
1867       265306.78000000
1868       265803.41800000
1869       266300.80600000
1870       266798.94300000
1871       267297.83100000
1872       267797.47100000
1873       268297.86200000
1874       268799.00700000
1875       269300.90600000
1876       269803.56000000
1877       270306.97000000
1878       270811.13600000
1879       271316.05900000
1880       271821.74000000
1881       272328.18100000
1882       272835.38100000
1883       273343.34200000
1884       273852.06400000
1885       274361.54900000
1886       274871.79700000
1887       275382.80900000
1888       275894.58600000
1889       276407.12800000
1890       276920.43700000
1891       277434.51400000
1892       277949.35800000
1893       278464.97200000
1894       278981.35600000
1895       279498.51000000
1896       280016.43600000
1897       280535.13400000
1898       281054.60500000
1899       281574.85100000
1900       282095.87200000
1901       282617.66800000
1902       283140.24100000
1903       283663.59100000
1904       284187.72000000
1905       284712.62800000
1906       285238.31600000
1907       285764.78500000
1908       286292.03500000
1909       286820.06800000
1910       287348.88500000
1911       287878.48600000
1912       288408.87100000
1913       288940.04300000
1914       289472.00200000
1915       290004.74800000
1916       290538.28300000
1917       291072.60700000
1918       291607.72100000
1919       292143.62700000
1920       292680.32400000
1921       293217.81400000
1922       293756.09700000
1923       294295.17600000
1924       294835.04900000
1925       295375.71900000
1926       295917.18500000
1927       296459.45000000
1928       297002.51300000
1929       297546.37600000
1930       298091.04000000
1931       298636.50400000
1932       299182.77100000
1933       299729.84100000
1934       300277.71500000
1935       300826.39400000
1936       301375.87800000
1937       301926.16800000
1938       302477.26600000
1939       303029.17300000
1940       303581.88800000
1941       304135.41300000
1942       304689.74900000
1943       305244.89700000
1944       305800.85700000
1945       306357.63000000
1946       306915.21800000
1947       307473.62100000
1948       308032.84000000
1949       308592.87600000
1950       309153.72900000
1951       309715.40100000
1952       310277.89200000
1953       310841.20400000
1954       311405.33700000
1955       311970.29200000
1956       312536.06900000
1957       313102.67100000
1958       313670.09700000
1959       314238.34900000
1960       314807.42700000
1961       315377.33200000
1962       315948.06600000
1963       316519.62800000
1964       317092.02100000
1965       317665.24400000
1966       318239.29900000
1967       318814.18600000
1968       319389.90700000
1969       319966.46100000
1970       320543.85100000
1971       321122.07700000
1972       321701.14000000
1973       322281.04100000
1974       322861.78000000
1975       323443.35800000
1976       324025.77700000
1977       324609.03800000
1978       325193.14000000
1979       325778.08600000
1980       326363.87500000
1981       326950.50900000
1982       327537.98900000
1983       328126.31500000
1984       328715.48800000
1985       329305.51000000
1986       329896.38100000
1987       330488.10300000
1988       331080.67500000
1989       331674.09800000
1990       332268.37500000
1991       332863.50500000
1992       333459.49000000
1993       334056.33000000
1994       334654.02600000
1995       335252.57900000
1996       335851.99000000
1997       336452.26100000
1998       337053.39100000
1999       337655.38100000
2000       338258.23300000
2001       338861.94800000
2002       339466.52600000
2003       340071.96800000
2004       340678.27500000
2005       341285.44900000
2006       341893.48900000
2007       342502.39700000
2008       343112.17300000
2009       343722.81900000
2010       344334.33600000
2011       344946.72400000
2012       345559.98400000
2013       346174.11700000
2014       346789.12400000
2015       347405.00600000
2016       348021.76400000
2017       348639.39900000
2018       349257.91100000
2019       349877.30200000
2020       350497.57200000
2021       351118.72200000
2022       351740.75300000
2023       352363.66700000
2024       352987.46300000
2025       353612.14400000
2026       354237.70900000
2027       354864.16000000
2028       355491.49700000
2029       356119.72200000
2030       356748.83500000
2031       357378.83700000
2032       358009.73000000
2033       358641.51300000
2034       359274.18900000
2035       359907.75700000
2036       360542.21900000
2037       361177.57600000
2038       361813.82800000
2039       362450.97700000
2040       363089.02300000
2041       363727.96800000
2042       364367.81100000
2043       365008.55500000
2044       365650.19900000
2045       366292.74600000
2046       366936.19500000
2047       367580.54800000
2048       368225.80600000
2049       368871.96900000
2050       369519.03800000
2051       370167.01500000
2052       370815.90000000
2053       371465.69400000
2054       372116.39800000
2055       372768.01300000
2056       373420.54000000
2057       374073.98000000
2058       374728.33300000
2059       375383.60100000
2060       376039.78500000
2061       376696.88400000
2062       377354.90200000
2063       378013.83700000
2064       378673.69200000
2065       379334.46600000
2066       379996.16200000
2067       380658.77900000
2068       381322.31900000
2069       381986.78300000
2070       382652.17200000
2071       383318.48600000
2072       383985.72600000
2073       384653.89400000
2074       385322.99000000
2075       385993.01600000
2076       386663.97100000
2077       387335.85800000
2078       388008.67600000
2079       388682.42700000
2080       389357.11200000
2081       390032.73200000
2082       390709.28800000
2083       391386.77900000
2084       392065.20900000
2085       392744.57600000
2086       393424.88300000
2087       394106.13100000
2088       394788.31900000
2089       395471.44900000
2090       396155.52300000
2091       396840.54000000
2092       397526.50200000
2093       398213.41000000
2094       398901.26400000
2095       399590.06600000
2096       400279.81700000
2097       400970.51700000
2098       401662.16700000
2099       402354.76800000
2100       403048.32200000
2101       403742.82900000
2102       404438.29000000
2103       405134.70600000
2104       405832.07800000
2105       406530.40600000
2106       407229.69300000
2107       407929.93800000
2108       408631.14200000
2109       409333.30700000
2110       410036.43400000
2111       410740.52300000
2112       411445.57500000
2113       412151.59200000
2114       412858.57400000
2115       413566.52100000
2116       414275.43600000
2117       414985.31900000
2118       415696.17100000
2119       416407.99200000
2120       417120.78500000
2121       417834.54900000
2122       418549.28500000
2123       419264.99500000
2124       419981.68000000
2125       420699.34000000
2126       421417.97600000
2127       422137.59000000
2128       422858.18200000
2129       423579.75300000
2130       424302.30400000
2131       425025.83600000
2132       425750.35000000
2133       426475.84700000
2134       427202.32800000
2135       427929.79300000
2136       428658.24500000
2137       429387.68200000
2138       430118.10800000
2139       430849.52200000
2140       431581.92500000
2141       432315.31900000
2142       433049.70400000
2143       433785.08100000
2144       434521.45100000
2145       435258.81600000
2146       435997.17500000
2147       436736.53100000
2148       437476.88400000
2149       438218.23400000
2150       438960.58300000
2151       439703.93200000
2152       440448.28200000
2153       441193.63300000
2154       441939.98700000
2155       442687.34500000
2156       443435.70700000
2157       444185.07400000
2158       444935.44800000
2159       445686.82900000
2160       446439.21800000
2161       447192.61700000
2162       447947.02500000
2163       448702.44500000
2164       449458.87700000
2165       450216.32100000
2166       450974.78000000
2167       451734.25300000
2168       452494.74300000
2169       453256.24900000
2170       454018.77200000
2171       454782.31400000
2172       455546.87600000
2173       456312.45900000
2174       457079.06200000
2175       457846.68900000
2176       458615.33800000
2177       459385.01200000
2178       460155.71100000
2179       460927.43700000
2180       461700.19000000
2181       462473.97000000
2182       463248.78000000
2183       464024.62000000
2184       464801.49000000
2185       465579.39300000
2186       466358.32900000
2187       467138.29800000
2188       467919.30200000
2189       468701.34200000
2190       469484.41800000
2191       470268.53200000
2192       471053.68500000
2193       471839.87700000
2194       472627.11000000
2195       473415.38400000
2196       474204.70000000
2197       474995.06000000
2198       475786.46400000
2199       476578.91300000
2200       477372.40800000
2201       478166.95100000
2202       478962.54200000
2203       479759.18100000
2204       480556.87100000
2205       481355.61200000
2206       482155.40500000
2207       482956.25000000
2208       483758.14900000
2209       484561.10400000
2210       485365.11300000
2211       486170.18000000
2212       486976.30400000
2213       487783.48700000
2214       488591.72900000
2215       489401.03200000
2216       490211.39700000
2217       491022.82400000
2218       491835.31400000
2219       492648.86900000
2220       493463.48900000
2221       494279.17500000
2222       495095.92800000
2223       495913.75000000
2224       496732.64100000
2225       497552.60200000
2226       498373.63400000
2227       499195.73800000
2228       500018.91500000
2229       500843.16600000
2230       501668.49200000
2231       502494.89400000
2232       503322.37300000
2233       504150.92900000
2234       504980.56400000
2235       505811.27900000
2236       506643.07500000
2237       507475.95200000
2238       508309.91200000
2239       509144.95600000
2240       509981.08400000
2241       510818.29800000
2242       511656.59800000
2243       512495.98500000
2244       513336.46100000
2245       514178.02600000
2246       515020.68200000
2247       515864.42900000
2248       516709.26800000
2249       517555.20000000
2250       518402.22700000
2251       519250.34900000
2252       520099.56700000
2253       520949.88200000
2254       521801.29500000
2255       522653.80700000
2256       523507.41900000
2257       524362.13200000
2258       525217.94700000
2259       526074.86400000
2260       526932.88600000
2261       527792.01200000
2262       528652.24500000
2263       529513.58400000
2264       530376.03100000
2265       531239.58600000
2266       532104.25100000
2267       532970.02700000
2268       533836.91400000
2269       534704.91400000
2270       535574.02800000
2271       536444.25600000
2272       537315.59900000
2273       538188.05900000
2274       539061.63700000
2275       539936.33200000
2276       540812.14700000
2277       541689.08300000
2278       542567.14000000
2279       543446.31900000
2280       544326.62100000
2281       545208.04800000
2282       546090.59900000
2283       546974.27700000
2284       547859.08200000
2285       548745.01500000
2286       549632.07800000
2287       550520.27000000
2288       551409.59300000
2289       552300.04900000
2290       553191.63700000
2291       554084.35900000
2292       554978.21600000
2293       555873.20900000
2294       556769.33900000
2295       557666.60700000
2296       558565.01400000
2297       559464.56000000
2298       560365.24700000
2299       561267.07600000
2300       562170.04800000
2301       563074.16300000
2302       563979.42300000
2303       564885.82800000
2304       565793.38100000
2305       566702.08000000
2306       567611.92900000
2307       568522.92700000
2308       569435.07500000
2309       570348.37500000
2310       571262.82800000
2311       572178.43300000
2312       573095.19400000
2313       574013.10900000
2314       574932.18100000
2315       575852.41100000
2316       576773.79900000
2317       577696.34600000
2318       578620.05300000
2319       579544.92200000
2320       580470.95300000
2321       581398.14700000
2322       582326.50500000
2323       583256.02900000
2324       584186.71800000
2325       585118.57500000
2326       586051.60000000
2327       586985.79400000
2328       587921.15800000
2329       588857.69300000
2330       589795.40000000
2331       590734.28100000
2332       591674.33500000
2333       592615.56400000
2334       593557.96900000
2335       594501.55100000
2336       595446.31100000
2337       596392.25000000
2338       597339.36900000
2339       598287.66800000
2340       599237.15000000
2341       600187.81400000
2342       601139.66200000
2343       602092.69500000
2344       603046.91300000
2345       604002.31900000
2346       604958.91200000
2347       605916.69300000
2348       606875.66500000
2349       607835.82700000
2350       608797.18000000
2351       609759.72700000
2352       610723.46700000
2353       611688.40100000
2354       612654.53200000
2355       613621.85800000
2356       614590.38200000
2357       615560.10500000
2358       616531.02700000
2359       617503.15000000
2360       618476.47400000
2361       619451.00100000
2362       620426.73100000
2363       621403.66600000
2364       622381.80600000
2365       623361.15200000
2366       624341.70600000
2367       625323.46800000
2368       626306.43900000
2369       627290.62100000
2370       628276.01400000
2371       629262.62000000
2372       630250.43800000
2373       631239.47100000
2374       632229.71900000
2375       633221.18400000
2376       634213.86500000
2377       635207.76500000
2378       636202.88400000
2379       637199.22300000
2380       638196.78300000
2381       639195.56600000
2382       640195.57100000
2383       641196.80100000
2384       642199.25600000
2385       643202.93700000
2386       644207.84400000
2387       645213.98000000
2388       646221.34500000
2389       647229.94000000
2390       648239.76600000
2391       649250.82400000
2392       650263.11500000
2393       651276.64000000
2394       652291.40000000
2395       653307.39600000
2396       654324.62900000
2397       655343.09900000
2398       656362.80900000
2399       657383.75900000
2400       658405.94900000
2401       659429.38100000
2402       660454.05600000
2403       661479.97500000
2404       662507.13900000
2405       663535.54800000
2406       664565.20400000
2407       665596.10800000
2408       666628.26100000
2409       667661.66400000
2410       668696.31700000
2411       669732.22200000
2412       670769.38000000
2413       671807.79100000
2414       672847.45700000
2415       673888.37900000
2416       674930.55700000
2417       675973.99400000
2418       677018.68800000
2419       678064.64300000
2420       679111.85800000
2421       680160.33400000
2422       681210.07300000
2423       682261.07600000
2424       683313.34300000
2425       684366.87600000
2426       685421.67500000
2427       686477.74200000
2428       687535.07800000
2429       688593.68300000
2430       689653.55800000
2431       690714.70500000
2432       691777.12400000
2433       692840.81700000
2434       693905.78400000
2435       694972.02700000
2436       696039.54600000
2437       697108.34300000
2438       698178.41700000
2439       699249.77200000
2440       700322.40600000
2441       701396.32200000
2442       702471.52100000
2443       703548.00200000
2444       704625.76800000
2445       705704.82000000
2446       706785.15700000
2447       707866.78200000
2448       708949.69600000
2449       710033.89800000
2450       711119.39100000
2451       712206.17500000
2452       713294.25100000
2453       714383.62000000
2454       715474.28400000
2455       716566.24300000
2456       717659.49800000
2457       718754.05000000
2458       719849.90100000
2459       720947.05000000
2460       722045.50000000
2461       723145.25100000
2462       724246.30300000
2463       725348.66000000
2464       726452.32000000
2465       727557.28500000
2466       728663.55600000
2467       729771.13500000
2468       730880.02100000
2469       731990.21600000
2470       733101.72200000
2471       734214.53800000
2472       735328.66700000
2473       736444.10800000
2474       737560.86400000
2475       738678.93400000
2476       739798.32100000
2477       740919.02400000
2478       742041.04600000
2479       743164.38600000
2480       744289.04600000
2481       745415.02700000
2482       746542.33000000
2483       747670.95600000
2484       748800.90600000
2485       749932.18000000
2486       751064.78100000
2487       752198.70800000
2488       753333.96300000
2489       754470.54700000
2490       755608.46100000
2491       756747.70600000
2492       757888.28200000
2493       759030.19100000
2494       760173.43400000
2495       761318.01100000
2496       762463.92500000
2497       763611.17500000
2498       764759.76300000
2499       765909.68900000
2500       767060.95500000
2501       768213.56200000
2502       769367.51000000
2503       770522.80200000
2504       771679.43600000
2505       772837.41600000
2506       773996.74100000
2507       775157.41300000
2508       776319.43200000
2509       777482.80000000
2510       778647.51700000
2511       779813.58500000
2512       780981.00400000
2513       782149.77600000
2514       783319.90200000
2515       784491.38200000
2516       785664.21700000
2517       786838.41000000
2518       788013.95900000
2519       789190.86700000
2520       790369.13400000
2521       791548.76200000
2522       792729.75100000
2523       793912.10300000
2524       795095.81800000
2525       796280.89800000
2526       797467.34200000
2527       798655.15400000
2528       799844.33200000
2529       801034.87900000
2530       802226.79500000
2531       803420.08100000
2532       804614.73900000
2533       805810.76900000
2534       807008.17200000
2535       808206.95000000
2536       809407.10300000
2537       810608.63200000
2538       811811.53800000
2539       813015.82200000
2540       814221.48600000
2541       815428.53000000
2542       816636.95500000
2543       817846.76200000
2544       819057.95200000
2545       820270.52600000
2546       821484.48500000
2547       822699.83100000
2548       823916.56300000
2549       825134.68400000
2550       826354.19300000
2551       827575.09300000
2552       828797.38400000
2553       830021.06600000
2554       831246.14200000
2555       832472.61200000
2556       833700.47600000
2557       834929.73700000
2558       836160.39400000
2559       837392.44900000
2560       838625.90400000
2561       839860.75800000
2562       841097.01200000
2563       842334.66900000
2564       843573.72900000
2565       844814.19200000
2566       846056.06000000
2567       847299.33400000
2568       848544.01500000
2569       849790.10400000
2570       851037.60100000
2571       852286.50800000
2572       853536.82500000
2573       854788.55500000
2574       856041.69700000
2575       857296.25200000
2576       858552.22200000
2577       859809.60800000
2578       861068.41100000
2579       862328.63100000
2580       863590.26900000
2581       864853.32800000
2582       866117.80600000
2583       867383.70600000
2584       868651.02900000
2585       869919.77500000
2586       871189.94600000
2587       872461.54200000
2588       873734.56400000
2589       875009.01400000
2590       876284.89200000
2591       877562.20000000
2592       878840.93800000
2593       880121.10700000
2594       881402.70800000
2595       882685.74300000
2596       883970.21200000
2597       885256.11700000
2598       886543.45700000
2599       887832.23500000
2600       889122.45100000
2601       890414.10600000
2602       891707.20100000
2603       893001.73800000
2604       894297.71600000
2605       895595.13800000
2606       896894.00300000
2607       898194.31400000
2608       899496.07100000
2609       900799.27500000
2610       902103.92600000
2611       903410.02700000
2612       904717.57700000
2613       906026.57900000
2614       907337.03200000
2615       908648.93900000
2616       909962.29900000
2617       911277.11400000
2618       912593.38500000
2619       913911.11200000
2620       915230.29700000
2621       916550.94200000
2622       917873.04500000
2623       919196.61000000
2624       920521.63600000
2625       921848.12500000
2626       923176.07700000
2627       924505.49400000
2628       925836.37700000
2629       927168.72600000
2630       928502.54200000
2631       929837.82800000
2632       931174.58200000
2633       932512.80700000
2634       933852.50400000
2635       935193.67300000
2636       936536.31500000
2637       937880.43200000
2638       939226.02400000
2639       940573.09200000
2640       941921.63800000
2641       943271.66200000
2642       944623.16500000
2643       945976.14800000
2644       947330.61200000
2645       948686.55900000
2646       950043.98800000
2647       951402.90200000
2648       952763.30100000
2649       954125.18600000
2650       955488.55800000
2651       956853.41800000
2652       958219.76700000
2653       959587.60500000
2654       960956.93500000
2655       962327.75600000
2656       963700.07100000
2657       965073.87900000
2658       966449.18200000
2659       967825.98100000
2660       969204.27600000
2661       970584.06900000
2662       971965.36100000
2663       973348.15200000
2664       974732.44400000
2665       976118.23800000
2666       977505.53400000
2667       978894.33400000
2668       980284.63800000
2669       981676.44700000
2670       983069.76300000
2671       984464.58700000
2672       985860.91900000
2673       987258.76000000
2674       988658.11100000
2675       990058.97400000
2676       991461.34900000
2677       992865.23700000
2678       994270.63900000
2679       995677.55600000
2680       997085.99000000
2681       998495.94000000
2682       999907.40900000
2683      1001320.40000000
2684      1002734.90000000
2685      1004150.93000000
2686      1005568.48000000
2687      1006987.56000000
2688      1008408.15000000
2689      1009830.27000000
2690      1011253.92000000
2691      1012679.10000000
2692      1014105.80000000
2693      1015534.03000000
2694      1016963.79000000
2695      1018395.08000000
2696      1019827.90000000
2697      1021262.26000000
2698      1022698.15000000
2699      1024135.57000000
2700      1025574.53000000
2701      1027015.02000000
2702      1028457.05000000
2703      1029900.62000000
2704      1031345.73000000
2705      1032792.38000000
2706      1034240.57000000
2707      1035690.30000000
2708      1037141.58000000
2709      1038594.40000000
2710      1040048.76000000
2711      1041504.68000000
2712      1042962.13000000
2713      1044421.14000000
2714      1045881.69000000
2715      1047343.80000000
2716      1048807.45000000
2717      1050272.66000000
2718      1051739.42000000
2719      1053207.73000000
2720      1054677.60000000
2721      1056149.02000000
2722      1057622.00000000
2723      1059096.54000000
2724      1060572.63000000
2725      1062050.29000000
2726      1063529.50000000
2727      1065010.28000000
2728      1066492.62000000
2729      1067976.52000000
2730      1069461.99000000
2731      1070949.02000000
2732      1072437.62000000
2733      1073927.78000000
2734      1075419.51000000
2735      1076912.81000000
2736      1078407.68000000
2737      1079904.13000000
2738      1081402.14000000
2739      1082901.73000000
2740      1084402.89000000
2741      1085905.62000000
2742      1087409.93000000
2743      1088915.82000000
2744      1090423.28000000
2745      1091932.33000000
2746      1093442.95000000
2747      1094955.15000000
2748      1096468.93000000
2749      1097984.30000000
2750      1099501.25000000
2751      1101019.78000000
2752      1102539.90000000
2753      1104061.61000000
2754      1105584.90000000
2755      1107109.78000000
2756      1108636.25000000
2757      1110164.30000000
2758      1111693.95000000
2759      1113225.19000000
2760      1114758.03000000
2761      1116292.45000000
2762      1117828.48000000
2763      1119366.09000000
2764      1120905.31000000
2765      1122446.12000000
2766      1123988.53000000
2767      1125532.54000000
2768      1127078.15000000
2769      1128625.36000000
2770      1130174.17000000
2771      1131724.58000000
2772      1133276.60000000
2773      1134830.23000000
2774      1136385.46000000
2775      1137942.30000000
2776      1139500.74000000
2777      1141060.80000000
2778      1142622.46000000
2779      1144185.73000000
2780      1145750.62000000
2781      1147317.12000000
2782      1148885.23000000
2783      1150454.95000000
2784      1152026.30000000
2785      1153599.25000000
2786      1155173.83000000
2787      1156750.02000000
2788      1158327.83000000
2789      1159907.27000000
2790      1161488.32000000
2791      1163071.00000000
2792      1164655.29000000
2793      1166241.22000000
2794      1167828.76000000
2795      1169417.93000000
2796      1171008.73000000
2797      1172601.16000000
2798      1174195.21000000
2799      1175790.90000000
2800      1177388.21000000
2801      1178987.16000000
2802      1180587.74000000
2803      1182189.95000000
2804      1183793.79000000
2805      1185399.27000000
2806      1187006.39000000
2807      1188615.14000000
2808      1190225.53000000
2809      1191837.56000000
2810      1193451.23000000
2811      1195066.54000000
2812      1196683.49000000
2813      1198302.09000000
2814      1199922.33000000
2815      1201544.21000000
2816      1203167.74000000
2817      1204792.91000000
2818      1206419.73000000
2819      1208048.20000000
2820      1209678.31000000
2821      1211310.08000000
2822      1212943.50000000
2823      1214578.57000000
2824      1216215.29000000
2825      1217853.67000000
2826      1219493.70000000
2827      1221135.39000000
2828      1222778.73000000
2829      1224423.73000000
2830      1226070.39000000
2831      1227718.70000000
2832      1229368.68000000
2833      1231020.32000000
2834      1232673.62000000
2835      1234328.59000000
2836      1235985.21000000
2837      1237643.50000000
2838      1239303.46000000
2839      1240965.09000000
2840      1242628.38000000
2841      1244293.34000000
2842      1245959.97000000
2843      1247628.27000000
2844      1249298.24000000
2845      1250969.88000000
2846      1252643.20000000
2847      1254318.19000000
2848      1255994.85000000
2849      1257673.19000000
2850      1259353.21000000
2851      1261034.91000000
2852      1262718.28000000
2853      1264403.33000000
2854      1266090.07000000
2855      1267778.48000000
2856      1269468.58000000
2857      1271160.36000000
2858      1272853.82000000
2859      1274548.97000000
2860      1276245.81000000
2861      1277944.33000000
2862      1279644.54000000
2863      1281346.43000000
2864      1283050.02000000
2865      1284755.30000000
2866      1286462.27000000
2867      1288170.93000000
2868      1289881.29000000
2869      1291593.33000000
2870      1293307.08000000
2871      1295022.52000000
2872      1296739.66000000
2873      1298458.49000000
2874      1300179.02000000
2875      1301901.26000000
2876      1303625.19000000
2877      1305350.82000000
2878      1307078.16000000
2879      1308807.20000000
2880      1310537.94000000
2881      1312270.39000000
2882      1314004.55000000
2883      1315740.41000000
2884      1317477.98000000
2885      1319217.26000000
2886      1320958.24000000
2887      1322700.94000000
2888      1324445.35000000
2889      1326191.47000000
2890      1327939.31000000
2891      1329688.86000000
2892      1331440.12000000
2893      1333193.10000000
2894      1334947.80000000
2895      1336704.21000000
2896      1338462.34000000
2897      1340222.20000000
2898      1341983.77000000
2899      1343747.06000000
2900      1345512.08000000
2901      1347278.82000000
2902      1349047.28000000
2903      1350817.47000000
2904      1352589.38000000
2905      1354363.02000000
2906      1356138.39000000
2907      1357915.49000000
2908      1359694.31000000
2909      1361474.87000000
2910      1363257.15000000
2911      1365041.17000000
2912      1366826.93000000
2913      1368614.41000000
2914      1370403.63000000
2915      1372194.59000000
2916      1373987.28000000
2917      1375781.71000000
2918      1377577.88000000
2919      1379375.79000000
2920      1381175.44000000
2921      1382976.83000000
2922      1384779.96000000
2923      1386584.83000000
2924      1388391.45000000
2925      1390199.81000000
2926      1392009.92000000
2927      1393821.77000000
2928      1395635.37000000
2929      1397450.72000000
2930      1399267.82000000
2931      1401086.66000000
2932      1402907.26000000
2933      1404729.61000000
2934      1406553.72000000
2935      1408379.57000000
2936      1410207.18000000
2937      1412036.55000000
2938      1413867.67000000
2939      1415700.55000000
2940      1417535.19000000
2941      1419371.58000000
2942      1421209.74000000
2943      1423049.65000000
2944      1424891.33000000
2945      1426734.77000000
2946      1428579.97000000
2947      1430426.93000000
2948      1432275.67000000
2949      1434126.16000000
2950      1435978.43000000
2951      1437832.46000000
2952      1439688.26000000
2953      1441545.83000000
2954      1443405.16000000
2955      1445266.27000000
2956      1447129.16000000
2957      1448993.81000000
2958      1450860.24000000
2959      1452728.44000000
2960      1454598.42000000
2961      1456470.18000000
2962      1458343.71000000
2963      1460219.02000000
2964      1462096.11000000
2965      1463974.97000000
2966      1465855.62000000
2967      1467738.06000000
2968      1469622.27000000
2969      1471508.26000000
2970      1473396.05000000
2971      1475285.61000000
2972      1477176.96000000
2973      1479070.10000000
2974      1480965.03000000
2975      1482861.74000000
2976      1484760.25000000
2977      1486660.54000000
2978      1488562.63000000
2979      1490466.50000000
2980      1492372.17000000
2981      1494279.64000000
2982      1496188.90000000
2983      1498099.95000000
2984      1500012.80000000
2985      1501927.45000000
2986      1503843.89000000
2987      1505762.14000000
2988      1507682.18000000
2989      1509604.03000000
2990      1511527.67000000
2991      1513453.12000000
2992      1515380.37000000
2993      1517309.43000000
2994      1519240.29000000
2995      1521172.96000000
2996      1523107.43000000
2997      1525043.71000000
2998      1526981.80000000
2999      1528921.70000000
3000      1530863.41000000
3001      1532806.92000000
3002      1534752.26000000
3003      1536699.40000000
3004      1538648.36000000
3005      1540599.13000000
3006      1542551.71000000
3007      1544506.12000000
3008      1546462.34000000
3009      1548420.37000000
3010      1550380.23000000
3011      1552341.91000000
3012      1554305.40000000
3013      1556270.72000000
3014      1558237.86000000
3015      1560206.82000000
3016      1562177.61000000
3017      1564150.22000000
3018      1566124.65000000
3019      1568100.91000000
3020      1570079.00000000
3021      1572058.92000000
3022      1574040.67000000
3023      1576024.24000000
3024      1578009.65000000
3025      1579996.89000000
3026      1581985.95000000
3027      1583976.86000000
3028      1585969.59000000
3029      1587964.17000000
3030      1589960.57000000
3031      1591958.82000000
3032      1593958.90000000
3033      1595960.81000000
3034      1597964.57000000
3035      1599970.17000000
3036      1601977.61000000
3037      1603986.89000000
3038      1605998.01000000
3039      1608010.97000000
3040      1610025.78000000
3041      1612042.43000000
3042      1614060.93000000
3043      1616081.28000000
3044      1618103.47000000
3045      1620127.51000000
3046      1622153.40000000
3047      1624181.14000000
3048      1626210.73000000
3049      1628242.18000000
3050      1630275.47000000
3051      1632310.62000000
3052      1634347.62000000
3053      1636386.48000000
3054      1638427.19000000
3055      1640469.76000000
3056      1642514.18000000
3057      1644560.47000000
3058      1646608.61000000
3059      1648658.61000000
3060      1650710.48000000
3061      1652764.20000000
3062      1654819.79000000
3063      1656877.24000000
3064      1658936.55000000
3065      1660997.73000000
3066      1663060.78000000
3067      1665125.69000000
3068      1667192.46000000
3069      1669261.11000000
3070      1671331.63000000
3071      1673404.01000000
3072      1675478.27000000
3073      1677554.39000000
3074      1679632.39000000
3075      1681712.26000000
3076      1683794.01000000
3077      1685877.63000000
3078      1687963.12000000
3079      1690050.50000000
3080      1692139.75000000
3081      1694230.87000000
3082      1696323.88000000
3083      1698418.76000000
3084      1700515.53000000
3085      1702614.18000000
3086      1704714.70000000
3087      1706817.12000000
3088      1708921.41000000
3089      1711027.59000000
3090      1713135.65000000
3091      1715245.61000000
3092      1717357.44000000
3093      1719471.17000000
3094      1721586.78000000
3095      1723704.28000000
3096      1725823.68000000
3097      1727944.96000000
3098      1730068.14000000
3099      1732193.21000000
3100      1734320.17000000
3101      1736449.02000000
3102      1738579.77000000
3103      1740712.42000000
3104      1742846.96000000
3105      1744983.40000000
3106      1747121.74000000
3107      1749261.98000000
3108      1751404.12000000
3109      1753548.15000000
3110      1755694.09000000
3111      1757841.94000000
3112      1759991.68000000
3113      1762143.33000000
3114      1764296.88000000
3115      1766452.34000000
3116      1768609.70000000
3117      1770768.97000000
3118      1772930.15000000
3119      1775093.24000000
3120      1777258.24000000
3121      1779425.14000000
3122      1781593.96000000
3123      1783764.69000000
3124      1785937.33000000
3125      1788111.89000000
3126      1790288.36000000
3127      1792466.74000000
3128      1794647.05000000
3129      1796829.26000000
3130      1799013.40000000
3131      1801199.45000000
3132      1803387.42000000
3133      1805577.31000000
3134      1807769.12000000
3135      1809962.86000000
3136      1812158.51000000
3137      1814356.09000000
3138      1816555.59000000
3139      1818757.01000000
3140      1820960.37000000
3141      1823165.64000000
3142      1825372.85000000
3143      1827581.98000000
3144      1829793.04000000
3145      1832006.02000000
3146      1834220.94000000
3147      1836437.79000000
3148      1838656.57000000
3149      1840877.29000000
3150      1843099.93000000
3151      1845324.51000000
3152      1847551.02000000
3153      1849779.47000000
3154      1852009.86000000
3155      1854242.18000000
3156      1856476.44000000
3157      1858712.64000000
3158      1860950.78000000
3159      1863190.86000000
3160      1865432.88000000
3161      1867676.84000000
3162      1869922.74000000
3163      1872170.59000000
3164      1874420.37000000
3165      1876672.11000000
3166      1878925.79000000
3167      1881181.41000000
3168      1883438.99000000
3169      1885698.51000000
3170      1887959.98000000
3171      1890223.40000000
3172      1892488.76000000
3173      1894756.08000000
3174      1897025.36000000
3175      1899296.58000000
3176      1901569.75000000
3177      1903844.89000000
3178      1906121.97000000
3179      1908401.01000000
3180      1910682.01000000
3181      1912964.96000000
3182      1915249.87000000
3183      1917536.74000000
3184      1919825.57000000
3185      1922116.36000000
3186      1924409.11000000
3187      1926703.82000000
3188      1929000.49000000
3189      1931299.13000000
3190      1933599.73000000
3191      1935902.29000000
3192      1938206.82000000
3193      1940513.32000000
3194      1942821.78000000
3195      1945132.21000000
3196      1947444.61000000
3197      1949758.98000000
3198      1952075.32000000
3199      1954393.63000000
3200      1956713.90000000
3201      1959036.16000000
3202      1961360.38000000
3203      1963686.58000000
3204      1966014.75000000
3205      1968344.90000000
3206      1970677.02000000
3207      1973011.12000000
3208      1975347.20000000
3209      1977685.25000000
3210      1980025.29000000
3211      1982367.30000000
3212      1984711.30000000
3213      1987057.27000000
3214      1989405.23000000
3215      1991755.17000000
3216      1994107.09000000
3217      1996461.00000000
3218      1998816.89000000
3219      2001174.76000000
3220      2003534.63000000
3221      2005896.48000000
3222      2008260.31000000
3223      2010626.14000000
3224      2012993.96000000
3225      2015363.76000000
3226      2017735.56000000
3227      2020109.35000000
3228      2022485.12000000
3229      2024862.90000000
3230      2027242.66000000
3231      2029624.42000000
3232      2032008.18000000
3233      2034393.93000000
3234      2036781.68000000
3235      2039171.42000000
3236      2041563.17000000
3237      2043956.91000000
3238      2046352.65000000
3239      2048750.39000000
3240      2051150.14000000
3241      2053551.88000000
3242      2055955.63000000
3243      2058361.38000000
3244      2060769.13000000
3245      2063178.89000000
3246      2065590.65000000
3247      2068004.42000000
3248      2070420.20000000
3249      2072837.98000000
3250      2075257.77000000
3251      2077679.57000000
3252      2080103.39000000
3253      2082529.21000000
3254      2084957.04000000
3255      2087386.88000000
3256      2089818.74000000
3257      2092252.61000000
3258      2094688.49000000
3259      2097126.39000000
3260      2099566.30000000
3261      2102008.23000000
3262      2104452.18000000
3263      2106898.14000000
3264      2109346.13000000
3265      2111796.13000000
3266      2114248.15000000
3267      2116702.19000000
3268      2119158.25000000
3269      2121616.34000000
3270      2124076.44000000
3271      2126538.57000000
3272      2129002.73000000
3273      2131468.90000000
3274      2133937.11000000
3275      2136407.34000000
3276      2138879.59000000
3277      2141353.88000000
3278      2143830.19000000
3279      2146308.53000000
3280      2148788.90000000
3281      2151271.30000000
3282      2153755.74000000
3283      2156242.20000000
3284      2158730.70000000
3285      2161221.23000000
3286      2163713.79000000
3287      2166208.39000000
3288      2168705.02000000
3289      2171203.69000000
3290      2173704.39000000
3291      2176207.14000000
3292      2178711.92000000
3293      2181218.74000000
3294      2183727.60000000
3295      2186238.49000000
3296      2188751.43000000
3297      2191266.41000000
3298      2193783.44000000
3299      2196302.50000000
3300      2198823.61000000
3301      2201346.77000000
3302      2203871.97000000
3303      2206399.21000000
3304      2208928.50000000
3305      2211459.84000000
3306      2213993.23000000
3307      2216528.66000000
3308      2219066.14000000
3309      2221605.68000000
3310      2224147.26000000
3311      2226690.89000000
3312      2229236.58000000
3313      2231784.32000000
3314      2234334.11000000
3315      2236885.96000000
3316      2239439.86000000
3317      2241995.81000000
3318      2244553.82000000
3319      2247113.89000000
3320      2249676.02000000
3321      2252240.20000000
3322      2254806.44000000
3323      2257374.74000000
3324      2259945.11000000
3325      2262517.53000000
3326      2265092.01000000
3327      2267668.56000000
3328      2270247.16000000
3329      2272827.83000000
3330      2275410.57000000
3331      2277995.37000000
3332      2280582.24000000
3333      2283171.17000000
3334      2285762.17000000
3335      2288355.23000000
3336      2290950.37000000
3337      2293547.57000000
3338      2296146.84000000
3339      2298748.18000000
3340      2301351.59000000
3341      2303957.08000000
3342      2306564.63000000
3343      2309174.26000000
3344      2311785.97000000
3345      2314399.74000000
3346      2317015.59000000
3347      2319633.52000000
3348      2322253.52000000
3349      2324875.60000000
3350      2327499.76000000
3351      2330125.99000000
3352      2332754.31000000
3353      2335384.70000000
3354      2338017.17000000
3355      2340651.73000000
3356      2343288.36000000
3357      2345927.08000000
3358      2348567.88000000
3359      2351210.76000000
3360      2353855.73000000
3361      2356502.78000000
3362      2359151.91000000
3363      2361803.14000000
3364      2364456.45000000
3365      2367111.84000000
3366      2369769.33000000
3367      2372428.90000000
3368      2375090.56000000
3369      2377754.31000000
3370      2380420.16000000
3371      2383088.09000000
3372      2385758.11000000
3373      2388430.23000000
3374      2391104.44000000
3375      2393780.75000000
3376      2396459.14000000
3377      2399139.64000000
3378      2401822.23000000
3379      2404506.91000000
3380      2407193.70000000
3381      2409882.58000000
3382      2412573.55000000
3383      2415266.63000000
3384      2417961.81000000
3385      2420659.08000000
3386      2423358.46000000
3387      2426059.94000000
3388      2428763.52000000
3389      2431469.20000000
3390      2434176.99000000
3391      2436886.88000000
3392      2439598.88000000
3393      2442312.98000000
3394      2445029.18000000
3395      2447747.50000000
3396      2450467.92000000
3397      2453190.44000000
3398      2455915.08000000
3399      2458641.83000000
3400      2461370.68000000
3401      2464101.64000000
3402      2466834.72000000
3403      2469569.91000000
3404      2472307.21000000
3405      2475046.62000000
3406      2477788.15000000
3407      2480531.78000000
3408      2483277.54000000
3409      2486025.41000000
3410      2488775.39000000
3411      2491527.50000000
3412      2494281.71000000
3413      2497038.05000000
3414      2499796.51000000
3415      2502557.08000000
3416      2505319.77000000
3417      2508084.59000000
3418      2510851.52000000
3419      2513620.58000000
3420      2516391.76000000
3421      2519165.06000000
3422      2521940.48000000
3423      2524718.03000000
3424      2527497.70000000
3425      2530279.50000000
3426      2533063.42000000
3427      2535849.47000000
3428      2538637.65000000
3429      2541427.95000000
3430      2544220.39000000
3431      2547014.95000000
3432      2549811.64000000
3433      2552610.46000000
3434      2555411.41000000
3435      2558214.49000000
3436      2561019.71000000
3437      2563827.05000000
3438      2566636.53000000
3439      2569448.15000000
3440      2572261.90000000
3441      2575077.78000000
3442      2577895.80000000
3443      2580715.95000000
3444      2583538.24000000
3445      2586362.67000000
3446      2589189.24000000
3447      2592017.94000000
3448      2594848.78000000
3449      2597681.77000000
3450      2600516.89000000
3451      2603354.15000000
3452      2606193.56000000
3453      2609035.11000000
3454      2611878.80000000
3455      2614724.63000000
3456      2617572.61000000
3457      2620422.73000000
3458      2623275.00000000
3459      2626129.41000000
3460      2628985.97000000
3461      2631844.67000000
3462      2634705.53000000
3463      2637568.53000000
3464      2640433.68000000
3465      2643300.97000000
3466      2646170.42000000
3467      2649042.02000000
3468      2651915.77000000
3469      2654791.67000000
3470      2657669.72000000
3471      2660549.93000000
3472      2663432.28000000
3473      2666316.80000000
3474      2669203.46000000
3475      2672092.28000000
3476      2674983.26000000
3477      2677876.39000000
3478      2680771.68000000
3479      2683669.13000000
3480      2686568.73000000
3481      2689470.50000000
3482      2692374.42000000
3483      2695280.50000000
3484      2698188.74000000
3485      2701099.15000000
3486      2704011.71000000
3487      2706926.44000000
3488      2709843.32000000
3489      2712762.37000000
3490      2715683.59000000
3491      2718606.97000000
3492      2721532.51000000
3493      2724460.22000000
3494      2727390.09000000
3495      2730322.13000000
3496      2733256.34000000
3497      2736192.72000000
3498      2739131.26000000
3499      2742071.97000000
3500      2745014.85000000
