   1            2.26055000
   2            4.12743000
   3            6.00874000
   4            7.89337000
   5            9.77927000
   6           11.66581000
   7           13.55271000
   8           15.43983000
   9           17.32710000
  10           19.21448000
  11           21.10193000
  12           22.98945000
  13           24.87701000
  14           26.76461000
  15           28.65224000
  16           30.53989000
  17           32.42757000
  18           34.31527000
  19           36.20299000
  20           38.09072000
  21           39.97846000
  22           41.86622000
  23           43.75398000
  24           45.64176000
  25           47.52955000
  26           49.41735000
  27           51.30515000
  28           53.19297000
  29           55.08079000
  30           56.96862000
  31           58.85645000
  32           60.74430000
  33           62.63215000
  34           64.52000000
  35           66.40787000
  36           68.29574000
  37           70.18361000
  38           72.07149000
  39           73.95938000
  40           75.84727000
  41           77.73517000
  42           79.62308000
  43           81.51099000
  44           83.39890000
  45           85.28682000
  46           87.17475000
  47           89.06268000
  48           90.95062000
  49           92.83856000
  50           94.72651000
  51           96.61446000
  52           98.50242000
  53          100.39038000
  54          102.27836000
  55          104.16633000
  56          106.05431000
  57          107.94230000
  58          109.83029000
  59          111.71829000
  60          113.60629000
  61          115.49430000
  62          117.38232000
  63          119.27035000
  64          121.15839000
  65          123.04643000
  66          124.93449000
  67          126.82255000
  68          128.71063000
  69          130.59872000
  70          132.48683000
  71          134.37496000
  72          136.26310000
  73          138.15126000
  74          140.03945000
  75          141.92767000
  76          143.81591000
  77          145.70419000
  78          147.59250000
  79          149.48085000
  80          151.36925000
  81          153.25770000
  82          155.14620000
  83          157.03476000
  84          158.92339000
  85          160.81209000
  86          162.70087000
  87          164.58973000
  88          166.47870000
  89          168.36776000
  90          170.25694000
  91          172.14624000
  92          174.03568000
  93          175.92526000
  94          177.81499000
  95          179.70489000
  96          181.59497000
  97          183.48524000
  98          185.37572000
  99          187.26642000
 100          189.15736000
 101          191.04855000
 102          192.94001000
 103          194.83176000
 104          196.72381000
 105          198.61618000
 106          200.50889000
 107          202.40197000
 108          204.29543000
 109          206.18929000
 110          208.08358000
 111          209.97832000
 112          211.87353000
 113          213.76923000
 114          215.66545000
 115          217.56222000
 116          219.45956000
 117          221.35750000
 118          223.25606000
 119          225.15527000
 120          227.05517000
 121          228.95577000
 122          230.85711000
 123          232.75922000
 124          234.66213000
 125          236.56587000
 126          238.47047000
 127          240.37597000
 128          242.28240000
 129          244.18978000
 130          246.09816000
 131          248.00757000
 132          249.91804000
 133          251.82961000
 134          253.74231000
 135          255.65619000
 136          257.57127000
 137          259.48759000
 138          261.40520000
 139          263.32412000
 140          265.24440000
 141          267.16607000
 142          269.08918000
 143          271.01376000
 144          272.93985000
 145          274.86749000
 146          276.79672000
 147          278.72758000
 148          280.66012000
 149          282.59436000
 150          284.53036000
 151          286.46815000
 152          288.40778000
 153          290.34928000
 154          292.29270000
 155          294.23808000
 156          296.18546000
 157          298.13489000
 158          300.08640000
 159          302.04004000
 160          303.99586000
 161          305.95388000
 162          307.91416000
 163          309.87675000
 164          311.84167000
 165          313.80898000
 166          315.77871000
 167          317.75092000
 168          319.72564000
 169          321.70292000
 170          323.68280000
 171          325.66532000
 172          327.65053000
 173          329.63848000
 174          331.62919000
 175          333.62272000
 176          335.61911000
 177          337.61840000
 178          339.62064000
 179          341.62586000
 180          343.63412000
 181          345.64545000
 182          347.65990000
 183          349.67751000
 184          351.69833000
 185          353.72239000
 186          355.74974000
 187          357.78042000
 188          359.81447000
 189          361.85194000
 190          363.89287000
 191          365.93730000
 192          367.98527000
 193          370.03683000
 194          372.09202000
 195          374.15087000
 196          376.21344000
 197          378.27975000
 198          380.34986000
 199          382.42381000
 200          384.50163000
 201          386.58337000
 202          388.66907000
 203          390.75876000
 204          392.85250000
 205          394.95032000
 206          397.05226000
 207          399.15836000
 208          401.26866000
 209          403.38321000
 210          405.50204000
 211          407.62519000
 212          409.75270000
 213          411.88461000
 214          414.02097000
 215          416.16180000
 216          418.30716000
 217          420.45707000
 218          422.61158000
 219          424.77072000
 220          426.93454000
 221          429.10308000
 222          431.27636000
 223          433.45444000
 224          435.63734000
 225          437.82511000
 226          440.01779000
 227          442.21540000
 228          444.41800000
 229          446.62561000
 230          448.83827000
 231          451.05602000
 232          453.27891000
 233          455.50695000
 234          457.74020000
 235          459.97869000
 236          462.22245000
 237          464.47152000
 238          466.72594000
 239          468.98574000
 240          471.25096000
 241          473.52163000
 242          475.79780000
 243          478.07949000
 244          480.36674000
 245          482.65959000
 246          484.95807000
 247          487.26222000
 248          489.57207000
 249          491.88766000
 250          494.20902000
 251          496.53618000
 252          498.86918000
 253          501.20806000
 254          503.55285000
 255          505.90358000
 256          508.26029000
 257          510.62301000
 258          512.99178000
 259          515.36662000
 260          517.74757000
 261          520.13468000
 262          522.52795000
 263          524.92745000
 264          527.33318000
 265          529.74520000
 266          532.16353000
 267          534.58820000
 268          537.01924000
 269          539.45670000
 270          541.90060000
 271          544.35097000
 272          546.80786000
 273          549.27127000
 274          551.74127000
 275          554.21786000
 276          556.70109000
 277          559.19099000
 278          561.68759000
 279          564.19091000
 280          566.70100000
 281          569.21789000
 282          571.74160000
 283          574.27217000
 284          576.80962000
 285          579.35400000
 286          581.90533000
 287          584.46364000
 288          587.02896000
 289          589.60132000
 290          592.18077000
 291          594.76731000
 292          597.36100000
 293          599.96185000
 294          602.56990000
 295          605.18518000
 296          607.80771000
 297          610.43754000
 298          613.07469000
 299          615.71918000
 300          618.37106000
 301          621.03035000
 302          623.69707000
 303          626.37127000
 304          629.05297000
 305          631.74220000
 306          634.43899000
 307          637.14337000
 308          639.85538000
 309          642.57503000
 310          645.30236000
 311          648.03740000
 312          650.78018000
 313          653.53073000
 314          656.28908000
 315          659.05525000
 316          661.82929000
 317          664.61121000
 318          667.40104000
 319          670.19882000
 320          673.00457000
 321          675.81833000
 322          678.64012000
 323          681.46997000
 324          684.30792000
 325          687.15398000
 326          690.00820000
 327          692.87059000
 328          695.74119000
 329          698.62002000
 330          701.50712000
 331          704.40252000
 332          707.30624000
 333          710.21831000
 334          713.13876000
 335          716.06762000
 336          719.00492000
 337          721.95068000
 338          724.90494000
 339          727.86773000
 340          730.83907000
 341          733.81898000
 342          736.80751000
 343          739.80468000
 344          742.81052000
 345          745.82505000
 346          748.84831000
 347          751.88032000
 348          754.92111000
 349          757.97071000
 350          761.02915000
 351          764.09646000
 352          767.17266000
 353          770.25779000
 354          773.35187000
 355          776.45493000
 356          779.56700000
 357          782.68811000
 358          785.81828000
 359          788.95755000
 360          792.10594000
 361          795.26348000
 362          798.43021000
 363          801.60614000
 364          804.79130000
 365          807.98573000
 366          811.18946000
 367          814.40250000
 368          817.62490000
 369          820.85667000
 370          824.09785000
 371          827.34846000
 372          830.60854000
 373          833.87811000
 374          837.15720000
 375          840.44583000
 376          843.74404000
 377          847.05186000
 378          850.36931000
 379          853.69642000
 380          857.03322000
 381          860.37974000
 382          863.73600000
 383          867.10204000
 384          870.47788000
 385          873.86356000
 386          877.25909000
 387          880.66451000
 388          884.07985000
 389          887.50513000
 390          890.94039000
 391          894.38564000
 392          897.84093000
 393          901.30628000
 394          904.78171000
 395          908.26726000
 396          911.76295000
 397          915.26882000
 398          918.78488000
 399          922.31118000
 400          925.84773000
 401          929.39457000
 402          932.95173000
 403          936.51922000
 404          940.09709000
 405          943.68537000
 406          947.28406000
 407          950.89322000
 408          954.51287000
 409          958.14302000
 410          961.78373000
 411          965.43500000
 412          969.09688000
 413          972.76939000
 414          976.45255000
 415          980.14640000
 416          983.85097000
 417          987.56628000
 418          991.29237000
 419          995.02926000
 420          998.77698000
 421         1002.53556000
 422         1006.30503000
 423         1010.08542000
 424         1013.87675000
 425         1017.67906000
 426         1021.49238000
 427         1025.31673000
 428         1029.15214000
 429         1032.99865000
 430         1036.85627000
 431         1040.72505000
 432         1044.60500000
 433         1048.49616000
 434         1052.39856000
 435         1056.31223000
 436         1060.23719000
 437         1064.17348000
 438         1068.12113000
 439         1072.08015000
 440         1076.05059000
 441         1080.03247000
 442         1084.02583000
 443         1088.03068000
 444         1092.04707000
 445         1096.07501000
 446         1100.11455000
 447         1104.16570000
 448         1108.22851000
 449         1112.30299000
 450         1116.38918000
 451         1120.48711000
 452         1124.59680000
 453         1128.71829000
 454         1132.85161000
 455         1136.99678000
 456         1141.15384000
 457         1145.32282000
 458         1149.50374000
 459         1153.69664000
 460         1157.90154000
 461         1162.11848000
 462         1166.34748000
 463         1170.58858000
 464         1174.84181000
 465         1179.10719000
 466         1183.38475000
 467         1187.67453000
 468         1191.97656000
 469         1196.29087000
 470         1200.61748000
 471         1204.95643000
 472         1209.30774000
 473         1213.67145000
 474         1218.04759000
 475         1222.43619000
 476         1226.83728000
 477         1231.25088000
 478         1235.67704000
 479         1240.11578000
 480         1244.56712000
 481         1249.03111000
 482         1253.50777000
 483         1257.99713000
 484         1262.49923000
 485         1267.01409000
 486         1271.54175000
 487         1276.08223000
 488         1280.63557000
 489         1285.20180000
 490         1289.78094000
 491         1294.37304000
 492         1298.97812000
 493         1303.59621000
 494         1308.22734000
 495         1312.87154000
 496         1317.52885000
 497         1322.19930000
 498         1326.88292000
 499         1331.57973000
 500         1336.28978000
 501         1341.01309000
 502         1345.74969000
 503         1350.49961000
 504         1355.26289000
 505         1360.03956000
 506         1364.82965000
 507         1369.63319000
 508         1374.45022000
 509         1379.28076000
 510         1384.12484000
 511         1388.98250000
 512         1393.85377000
 513         1398.73869000
 514         1403.63728000
 515         1408.54957000
 516         1413.47560000
 517         1418.41540000
 518         1423.36901000
 519         1428.33644000
 520         1433.31775000
 521         1438.31295000
 522         1443.32208000
 523         1448.34517000
 524         1453.38227000
 525         1458.43338000
 526         1463.49856000
 527         1468.57783000
 528         1473.67123000
 529         1478.77878000
 530         1483.90053000
 531         1489.03649000
 532         1494.18671000
 533         1499.35122000
 534         1504.53006000
 535         1509.72324000
 536         1514.93081000
 537         1520.15281000
 538         1525.38925000
 539         1530.64018000
 540         1535.90563000
 541         1541.18563000
 542         1546.48022000
 543         1551.78943000
 544         1557.11328000
 545         1562.45182000
 546         1567.80508000
 547         1573.17309000
 548         1578.55589000
 549         1583.95350000
 550         1589.36597000
 551         1594.79332000
 552         1600.23559000
 553         1605.69281000
 554         1611.16502000
 555         1616.65225000
 556         1622.15453000
 557         1627.67190000
 558         1633.20439000
 559         1638.75204000
 560         1644.31488000
 561         1649.89294000
 562         1655.48626000
 563         1661.09487000
 564         1666.71880000
 565         1672.35810000
 566         1678.01279000
 567         1683.68291000
 568         1689.36849000
 569         1695.06957000
 570         1700.78618000
 571         1706.51835000
 572         1712.26613000
 573         1718.02955000
 574         1723.80863000
 575         1729.60342000
 576         1735.41395000
 577         1741.24025000
 578         1747.08236000
 579         1752.94032000
 580         1758.81415000
 581         1764.70390000
 582         1770.60960000
 583         1776.53128000
 584         1782.46899000
 585         1788.42274000
 586         1794.39259000
 587         1800.37856000
 588         1806.38069000
 589         1812.39902000
 590         1818.43358000
 591         1824.48440000
 592         1830.55153000
 593         1836.63500000
 594         1842.73484000
 595         1848.85108000
 596         1854.98378000
 597         1861.13295000
 598         1867.29864000
 599         1873.48088000
 600         1879.67971000
 601         1885.89517000
 602         1892.12729000
 603         1898.37610000
 604         1904.64164000
 605         1910.92396000
 606         1917.22308000
 607         1923.53904000
 608         1929.87187000
 609         1936.22163000
 610         1942.58833000
 611         1948.97202000
 612         1955.37273000
 613         1961.79051000
 614         1968.22538000
 615         1974.67738000
 616         1981.14656000
 617         1987.63294000
 618         1994.13656000
 619         2000.65747000
 620         2007.19570000
 621         2013.75128000
 622         2020.32425000
 623         2026.91465000
 624         2033.52252000
 625         2040.14789000
 626         2046.79080000
 627         2053.45129000
 628         2060.12940000
 629         2066.82516000
 630         2073.53861000
 631         2080.26979000
 632         2087.01873000
 633         2093.78548000
 634         2100.57007000
 635         2107.37254000
 636         2114.19292000
 637         2121.03126000
 638         2127.88759000
 639         2134.76196000
 640         2141.65439000
 641         2148.56492000
 642         2155.49361000
 643         2162.44047000
 644         2169.40556000
 645         2176.38891000
 646         2183.39055000
 647         2190.41053000
 648         2197.44889000
 649         2204.50565000
 650         2211.58087000
 651         2218.67459000
 652         2225.78683000
 653         2232.91763000
 654         2240.06705000
 655         2247.23511000
 656         2254.42185000
 657         2261.62732000
 658         2268.85155000
 659         2276.09459000
 660         2283.35646000
 661         2290.63721000
 662         2297.93689000
 663         2305.25552000
 664         2312.59314000
 665         2319.94981000
 666         2327.32555000
 667         2334.72041000
 668         2342.13442000
 669         2349.56763000
 670         2357.02008000
 671         2364.49179000
 672         2371.98283000
 673         2379.49321000
 674         2387.02300000
 675         2394.57221000
 676         2402.14090000
 677         2409.72911000
 678         2417.33686000
 679         2424.96422000
 680         2432.61120000
 681         2440.27787000
 682         2447.96424000
 683         2455.67038000
 684         2463.39631000
 685         2471.14208000
 686         2478.90772000
 687         2486.69328000
 688         2494.49880000
 689         2502.32432000
 690         2510.16988000
 691         2518.03552000
 692         2525.92129000
 693         2533.82721000
 694         2541.75335000
 695         2549.69972000
 696         2557.66638000
 697         2565.65337000
 698         2573.66073000
 699         2581.68850000
 700         2589.73672000
 701         2597.80543000
 702         2605.89467000
 703         2614.00450000
 704         2622.13494000
 705         2630.28603000
 706         2638.45783000
 707         2646.65037000
 708         2654.86370000
 709         2663.09785000
 710         2671.35287000
 711         2679.62880000
 712         2687.92569000
 713         2696.24356000
 714         2704.58248000
 715         2712.94247000
 716         2721.32358000
 717         2729.72586000
 718         2738.14934000
 719         2746.59408000
 720         2755.06010000
 721         2763.54745000
 722         2772.05619000
 723         2780.58634000
 724         2789.13795000
 725         2797.71106000
 726         2806.30573000
 727         2814.92198000
 728         2823.55987000
 729         2832.21943000
 730         2840.90071000
 731         2849.60376000
 732         2858.32861000
 733         2867.07531000
 734         2875.84390000
 735         2884.63443000
 736         2893.44694000
 737         2902.28147000
 738         2911.13806000
 739         2920.01677000
 740         2928.91763000
 741         2937.84069000
 742         2946.78599000
 743         2955.75357000
 744         2964.74348000
 745         2973.75577000
 746         2982.79047000
 747         2991.84764000
 748         3000.92731000
 749         3010.02953000
 750         3019.15434000
 751         3028.30179000
 752         3037.47193000
 753         3046.66479000
 754         3055.88043000
 755         3065.11888000
 756         3074.38019000
 757         3083.66441000
 758         3092.97157000
 759         3102.30174000
 760         3111.65494000
 761         3121.03123000
 762         3130.43065000
 763         3139.85325000
 764         3149.29906000
 765         3158.76814000
 766         3168.26054000
 767         3177.77629000
 768         3187.31544000
 769         3196.87803000
 770         3206.46412000
 771         3216.07375000
 772         3225.70697000
 773         3235.36381000
 774         3245.04433000
 775         3254.74857000
 776         3264.47657000
 777         3274.22839000
 778         3284.00407000
 779         3293.80365000
 780         3303.62718000
 781         3313.47472000
 782         3323.34629000
 783         3333.24196000
 784         3343.16176000
 785         3353.10574000
 786         3363.07395000
 787         3373.06644000
 788         3383.08325000
 789         3393.12443000
 790         3403.19003000
 791         3413.28009000
 792         3423.39465000
 793         3433.53378000
 794         3443.69751000
 795         3453.88588000
 796         3464.09896000
 797         3474.33678000
 798         3484.59939000
 799         3494.88684000
 800         3505.19918000
 801         3515.53645000
 802         3525.89870000
 803         3536.28598000
 804         3546.69834000
 805         3557.13582000
 806         3567.59848000
 807         3578.08635000
 808         3588.59949000
 809         3599.13795000
 810         3609.70177000
 811         3620.29100000
 812         3630.90569000
 813         3641.54589000
 814         3652.21165000
 815         3662.90301000
 816         3673.62002000
 817         3684.36274000
 818         3695.13120000
 819         3705.92546000
 820         3716.74557000
 821         3727.59157000
 822         3738.46352000
 823         3749.36146000
 824         3760.28545000
 825         3771.23552000
 826         3782.21173000
 827         3793.21414000
 828         3804.24278000
 829         3815.29770000
 830         3826.37897000
 831         3837.48662000
 832         3848.62070000
 833         3859.78127000
 834         3870.96838000
 835         3882.18206000
 836         3893.42238000
 837         3904.68939000
 838         3915.98312000
 839         3927.30364000
 840         3938.65099000
 841         3950.02523000
 842         3961.42639000
 843         3972.85454000
 844         3984.30972000
 845         3995.79198000
 846         4007.30138000
 847         4018.83796000
 848         4030.40177000
 849         4041.99287000
 850         4053.61130000
 851         4065.25712000
 852         4076.93037000
 853         4088.63112000
 854         4100.35939000
 855         4112.11526000
 856         4123.89877000
 857         4135.70996000
 858         4147.54890000
 859         4159.41563000
 860         4171.31021000
 861         4183.23267000
 862         4195.18309000
 863         4207.16150000
 864         4219.16796000
 865         4231.20253000
 866         4243.26524000
 867         4255.35616000
 868         4267.47533000
 869         4279.62281000
 870         4291.79865000
 871         4304.00290000
 872         4316.23562000
 873         4328.49684000
 874         4340.78664000
 875         4353.10505000
 876         4365.45214000
 877         4377.82795000
 878         4390.23253000
 879         4402.66595000
 880         4415.12824000
 881         4427.61947000
 882         4440.13969000
 883         4452.68894000
 884         4465.26729000
 885         4477.87478000
 886         4490.51146000
 887         4503.17740000
 888         4515.87264000
 889         4528.59724000
 890         4541.35124000
 891         4554.13471000
 892         4566.94769000
 893         4579.79025000
 894         4592.66243000
 895         4605.56428000
 896         4618.49586000
 897         4631.45723000
 898         4644.44843000
 899         4657.46952000
 900         4670.52056000
 901         4683.60160000
 902         4696.71269000
 903         4709.85389000
 904         4723.02524000
 905         4736.22681000
 906         4749.45865000
 907         4762.72082000
 908         4776.01336000
 909         4789.33633000
 910         4802.68979000
 911         4816.07379000
 912         4829.48839000
 913         4842.93363000
 914         4856.40959000
 915         4869.91630000
 916         4883.45382000
 917         4897.02222000
 918         4910.62154000
 919         4924.25184000
 920         4937.91318000
 921         4951.60561000
 922         4965.32918000
 923         4979.08395000
 924         4992.86998000
 925         5006.68732000
 926         5020.53603000
 927         5034.41616000
 928         5048.32777000
 929         5062.27092000
 930         5076.24565000
 931         5090.25203000
 932         5104.29012000
 933         5118.35996000
 934         5132.46162000
 935         5146.59514000
 936         5160.76060000
 937         5174.95804000
 938         5189.18751000
 939         5203.44909000
 940         5217.74281000
 941         5232.06875000
 942         5246.42695000
 943         5260.81747000
 944         5275.24038000
 945         5289.69571000
 946         5304.18355000
 947         5318.70393000
 948         5333.25692000
 949         5347.84257000
 950         5362.46095000
 951         5377.11210000
 952         5391.79609000
 953         5406.51298000
 954         5421.26281000
 955         5436.04566000
 956         5450.86157000
 957         5465.71060000
 958         5480.59282000
 959         5495.50828000
 960         5510.45703000
 961         5525.43914000
 962         5540.45466000
 963         5555.50366000
 964         5570.58618000
 965         5585.70229000
 966         5600.85205000
 967         5616.03551000
 968         5631.25274000
 969         5646.50379000
 970         5661.78872000
 971         5677.10759000
 972         5692.46045000
 973         5707.84738000
 974         5723.26841000
 975         5738.72363000
 976         5754.21307000
 977         5769.73681000
 978         5785.29490000
 979         5800.88740000
 980         5816.51437000
 981         5832.17588000
 982         5847.87197000
 983         5863.60270000
 984         5879.36815000
 985         5895.16837000
 986         5911.00341000
 987         5926.87334000
 988         5942.77822000
 989         5958.71810000
 990         5974.69305000
 991         5990.70313000
 992         6006.74840000
 993         6022.82891000
 994         6038.94473000
 995         6055.09592000
 996         6071.28254000
 997         6087.50465000
 998         6103.76230000
 999         6120.05557000
1000         6136.38451000
1001         6152.74918000
1002         6169.14964000
1003         6185.58596000
1004         6202.05819000
1005         6218.56640000
1006         6235.11064000
1007         6251.69099000
1008         6268.30749000
1009         6284.96021000
1010         6301.64922000
1011         6318.37456000
1012         6335.13632000
1013         6351.93454000
1014         6368.76929000
1015         6385.64063000
1016         6402.54862000
1017         6419.49333000
1018         6436.47481000
1019         6453.49313000
1020         6470.54835000
1021         6487.64054000
1022         6504.76974000
1023         6521.93604000
1024         6539.13949000
1025         6556.38014000
1026         6573.65808000
1027         6590.97335000
1028         6608.32602000
1029         6625.71615000
1030         6643.14381000
1031         6660.60906000
1032         6678.11196000
1033         6695.65257000
1034         6713.23096000
1035         6730.84720000
1036         6748.50134000
1037         6766.19344000
1038         6783.92358000
1039         6801.69181000
1040         6819.49820000
1041         6837.34282000
1042         6855.22572000
1043         6873.14697000
1044         6891.10663000
1045         6909.10477000
1046         6927.14145000
1047         6945.21674000
1048         6963.33069000
1049         6981.48339000
1050         6999.67488000
1051         7017.90523000
1052         7036.17451000
1053         7054.48278000
1054         7072.83011000
1055         7091.21656000
1056         7109.64219000
1057         7128.10708000
1058         7146.61128000
1059         7165.15486000
1060         7183.73789000
1061         7202.36043000
1062         7221.02255000
1063         7239.72430000
1064         7258.46576000
1065         7277.24700000
1066         7296.06807000
1067         7314.92905000
1068         7333.82999000
1069         7352.77097000
1070         7371.75205000
1071         7390.77329000
1072         7409.83477000
1073         7428.93655000
1074         7448.07869000
1075         7467.26126000
1076         7486.48433000
1077         7505.74795000
1078         7525.05221000
1079         7544.39717000
1080         7563.78289000
1081         7583.20943000
1082         7602.67687000
1083         7622.18528000
1084         7641.73471000
1085         7661.32524000
1086         7680.95693000
1087         7700.62986000
1088         7720.34408000
1089         7740.09966000
1090         7759.89668000
1091         7779.73519000
1092         7799.61527000
1093         7819.53699000
1094         7839.50041000
1095         7859.50559000
1096         7879.55262000
1097         7899.64155000
1098         7919.77245000
1099         7939.94539000
1100         7960.16044000
1101         7980.41767000
1102         8000.71714000
1103         8021.05893000
1104         8041.44310000
1105         8061.86971000
1106         8082.33885000
1107         8102.85057000
1108         8123.40495000
1109         8144.00205000
1110         8164.64195000
1111         8185.32471000
1112         8206.05040000
1113         8226.81909000
1114         8247.63084000
1115         8268.48574000
1116         8289.38384000
1117         8310.32522000
1118         8331.30995000
1119         8352.33809000
1120         8373.40972000
1121         8394.52490000
1122         8415.68371000
1123         8436.88621000
1124         8458.13247000
1125         8479.42257000
1126         8500.75657000
1127         8522.13455000
1128         8543.55657000
1129         8565.02271000
1130         8586.53303000
1131         8608.08760000
1132         8629.68650000
1133         8651.32980000
1134         8673.01757000
1135         8694.74987000
1136         8716.52678000
1137         8738.34836000
1138         8760.21470000
1139         8782.12586000
1140         8804.08191000
1141         8826.08293000
1142         8848.12897000
1143         8870.22013000
1144         8892.35646000
1145         8914.53804000
1146         8936.76494000
1147         8959.03723000
1148         8981.35498000
1149         9003.71827000
1150         9026.12717000
1151         9048.58174000
1152         9071.08207000
1153         9093.62822000
1154         9116.22026000
1155         9138.85827000
1156         9161.54232000
1157         9184.27249000
1158         9207.04883000
1159         9229.87144000
1160         9252.74037000
1161         9275.65570000
1162         9298.61751000
1163         9321.62587000
1164         9344.68085000
1165         9367.78252000
1166         9390.93096000
1167         9414.12624000
1168         9437.36843000
1169         9460.65761000
1170         9483.99385000
1171         9507.37722000
1172         9530.80780000
1173         9554.28565000
1174         9577.81087000
1175         9601.38351000
1176         9625.00365000
1177         9648.67137000
1178         9672.38674000
1179         9696.14983000
1180         9719.96072000
1181         9743.81948000
1182         9767.72619000
1183         9791.68092000
1184         9815.68374000
1185         9839.73473000
1186         9863.83397000
1187         9887.98153000
1188         9912.17748000
1189         9936.42190000
1190         9960.71487000
1191         9985.05645000
1192        10009.44670000
1193        10033.88580000
1194        10058.37370000
1195        10082.91050000
1196        10107.49630000
1197        10132.13120000
1198        10156.81520000
1199        10181.54840000
1200        10206.33100000
1201        10231.16290000
1202        10256.04430000
1203        10280.97520000
1204        10305.95570000
1205        10330.98580000
1206        10356.06570000
1207        10381.19550000
1208        10406.37520000
1209        10431.60480000
1210        10456.88450000
1211        10482.21430000
1212        10507.59440000
1213        10533.02470000
1214        10558.50540000
1215        10584.03660000
1216        10609.61830000
1217        10635.25050000
1218        10660.93350000
1219        10686.66720000
1220        10712.45170000
1221        10738.28710000
1222        10764.17350000
1223        10790.11100000
1224        10816.09960000
1225        10842.13950000
1226        10868.23060000
1227        10894.37310000
1228        10920.56700000
1229        10946.81250000
1230        10973.10960000
1231        10999.45840000
1232        11025.85890000
1233        11052.31130000
1234        11078.81560000
1235        11105.37190000
1236        11131.98020000
1237        11158.64080000
1238        11185.35350000
1239        11212.11860000
1240        11238.93600000
1241        11265.80600000
1242        11292.72850000
1243        11319.70360000
1244        11346.73140000
1245        11373.81200000
1246        11400.94550000
1247        11428.13190000
1248        11455.37140000
1249        11482.66390000
1250        11510.00970000
1251        11537.40870000
1252        11564.86100000
1253        11592.36680000
1254        11619.92610000
1255        11647.53900000
1256        11675.20550000
1257        11702.92580000
1258        11730.69990000
1259        11758.52790000
1260        11786.40990000
1261        11814.34600000
1262        11842.33620000
1263        11870.38070000
1264        11898.47940000
1265        11926.63260000
1266        11954.84020000
1267        11983.10240000
1268        12011.41920000
1269        12039.79070000
1270        12068.21700000
1271        12096.69820000
1272        12125.23440000
1273        12153.82560000
1274        12182.47190000
1275        12211.17350000
1276        12239.93030000
1277        12268.74250000
1278        12297.61010000
1279        12326.53330000
1280        12355.51210000
1281        12384.54660000
1282        12413.63680000
1283        12442.78290000
1284        12471.98500000
1285        12501.24310000
1286        12530.55730000
1287        12559.92770000
1288        12589.35440000
1289        12618.83740000
1290        12648.37690000
1291        12677.97290000
1292        12707.62550000
1293        12737.33480000
1294        12767.10090000
1295        12796.92380000
1296        12826.80370000
1297        12856.74060000
1298        12886.73450000
1299        12916.78570000
1300        12946.89420000
1301        12977.06000000
1302        13007.28330000
1303        13037.56410000
1304        13067.90250000
1305        13098.29860000
1306        13128.75250000
1307        13159.26420000
1308        13189.83390000
1309        13220.46160000
1310        13251.14750000
1311        13281.89150000
1312        13312.69390000
1313        13343.55460000
1314        13374.47370000
1315        13405.45150000
1316        13436.48780000
1317        13467.58280000
1318        13498.73670000
1319        13529.94940000
1320        13561.22110000
1321        13592.55180000
1322        13623.94170000
1323        13655.39080000
1324        13686.89930000
1325        13718.46710000
1326        13750.09440000
1327        13781.78120000
1328        13813.52780000
1329        13845.33400000
1330        13877.20010000
1331        13909.12610000
1332        13941.11220000
1333        13973.15820000
1334        14005.26450000
1335        14037.43100000
1336        14069.65790000
1337        14101.94520000
1338        14134.29310000
1339        14166.70150000
1340        14199.17060000
1341        14231.70050000
1342        14264.29130000
1343        14296.94300000
1344        14329.65580000
1345        14362.42970000
1346        14395.26490000
1347        14428.16130000
1348        14461.11910000
1349        14494.13850000
1350        14527.21930000
1351        14560.36190000
1352        14593.56620000
1353        14626.83230000
1354        14660.16030000
1355        14693.55040000
1356        14727.00260000
1357        14760.51690000
1358        14794.09350000
1359        14827.73250000
1360        14861.43390000
1361        14895.19790000
1362        14929.02450000
1363        14962.91390000
1364        14996.86600000
1365        15030.88110000
1366        15064.95910000
1367        15099.10020000
1368        15133.30450000
1369        15167.57200000
1370        15201.90290000
1371        15236.29720000
1372        15270.75510000
1373        15305.27650000
1374        15339.86170000
1375        15374.51060000
1376        15409.22350000
1377        15444.00030000
1378        15478.84120000
1379        15513.74620000
1380        15548.71550000
1381        15583.74920000
1382        15618.84720000
1383        15654.00980000
1384        15689.23700000
1385        15724.52890000
1386        15759.88560000
1387        15795.30710000
1388        15830.79360000
1389        15866.34520000
1390        15901.96200000
1391        15937.64400000
1392        15973.39130000
1393        16009.20410000
1394        16045.08240000
1395        16081.02630000
1396        16117.03590000
1397        16153.11130000
1398        16189.25270000
1399        16225.45990000
1400        16261.73330000
1401        16298.07280000
1402        16334.47860000
1403        16370.95070000
1404        16407.48930000
1405        16444.09440000
1406        16480.76620000
1407        16517.50460000
1408        16554.30990000
1409        16591.18210000
1410        16628.12120000
1411        16665.12750000
1412        16702.20100000
1413        16739.34170000
1414        16776.54980000
1415        16813.82540000
1416        16851.16850000
1417        16888.57930000
1418        16926.05790000
1419        16963.60430000
1420        17001.21860000
1421        17038.90090000
1422        17076.65140000
1423        17114.47000000
1424        17152.35700000
1425        17190.31240000
1426        17228.33630000
1427        17266.42880000
1428        17304.59000000
1429        17342.81990000
1430        17381.11880000
1431        17419.48660000
1432        17457.92350000
1433        17496.42950000
1434        17535.00480000
1435        17573.64940000
1436        17612.36350000
1437        17651.14720000
1438        17690.00040000
1439        17728.92340000
1440        17767.91630000
1441        17806.97900000
1442        17846.11180000
1443        17885.31470000
1444        17924.58780000
1445        17963.93120000
1446        18003.34510000
1447        18042.82940000
1448        18082.38430000
1449        18122.00990000
1450        18161.70630000
1451        18201.47360000
1452        18241.31190000
1453        18281.22120000
1454        18321.20170000
1455        18361.25350000
1456        18401.37670000
1457        18441.57130000
1458        18481.83750000
1459        18522.17540000
1460        18562.58500000
1461        18603.06650000
1462        18643.61990000
1463        18684.24530000
1464        18724.94300000
1465        18765.71280000
1466        18806.55500000
1467        18847.46970000
1468        18888.45690000
1469        18929.51670000
1470        18970.64920000
1471        19011.85460000
1472        19053.13300000
1473        19094.48430000
1474        19135.90880000
1475        19177.40650000
1476        19218.97750000
1477        19260.62200000
1478        19302.34000000
1479        19344.13160000
1480        19385.99690000
1481        19427.93600000
1482        19469.94910000
1483        19512.03620000
1484        19554.19740000
1485        19596.43280000
1486        19638.74250000
1487        19681.12670000
1488        19723.58540000
1489        19766.11860000
1490        19808.72660000
1491        19851.40940000
1492        19894.16720000
1493        19936.99990000
1494        19979.90780000
1495        20022.89080000
1496        20065.94920000
1497        20109.08300000
1498        20152.29240000
1499        20195.57730000
1500        20238.93800000
1501        20282.37440000
1502        20325.88680000
1503        20369.47530000
1504        20413.13980000
1505        20456.88060000
1506        20500.69770000
1507        20544.59120000
1508        20588.56120000
1509        20632.60790000
1510        20676.73130000
1511        20720.93150000
1512        20765.20870000
1513        20809.56290000
1514        20853.99420000
1515        20898.50280000
1516        20943.08870000
1517        20987.75210000
1518        21032.49300000
1519        21077.31150000
1520        21122.20790000
1521        21167.18200000
1522        21212.23410000
1523        21257.36430000
1524        21302.57260000
1525        21347.85920000
1526        21393.22420000
1527        21438.66760000
1528        21484.18960000
1529        21529.79030000
1530        21575.46980000
1531        21621.22810000
1532        21667.06550000
1533        21712.98190000
1534        21758.97750000
1535        21805.05240000
1536        21851.20670000
1537        21897.44050000
1538        21943.75400000
1539        21990.14710000
1540        22036.62010000
1541        22083.17300000
1542        22129.80590000
1543        22176.51890000
1544        22223.31220000
1545        22270.18580000
1546        22317.13980000
1547        22364.17440000
1548        22411.28970000
1549        22458.48570000
1550        22505.76250000
1551        22553.12040000
1552        22600.55930000
1553        22648.07940000
1554        22695.68080000
1555        22743.36350000
1556        22791.12780000
1557        22838.97370000
1558        22886.90120000
1559        22934.91060000
1560        22983.00190000
1561        23031.17520000
1562        23079.43070000
1563        23127.76840000
1564        23176.18840000
1565        23224.69090000
1566        23273.27590000
1567        23321.94360000
1568        23370.69410000
1569        23419.52740000
1570        23468.44380000
1571        23517.44320000
1572        23566.52580000
1573        23615.69170000
1574        23664.94100000
1575        23714.27380000
1576        23763.69030000
1577        23813.19050000
1578        23862.77450000
1579        23912.44250000
1580        23962.19450000
1581        24012.03070000
1582        24061.95120000
1583        24111.95600000
1584        24162.04530000
1585        24212.21920000
1586        24262.47780000
1587        24312.82130000
1588        24363.24960000
1589        24413.76300000
1590        24464.36150000
1591        24515.04520000
1592        24565.81430000
1593        24616.66890000
1594        24667.60900000
1595        24718.63480000
1596        24769.74640000
1597        24820.94390000
1598        24872.22740000
1599        24923.59700000
1600        24975.05280000
1601        25026.59500000
1602        25078.22360000
1603        25129.93870000
1604        25181.74060000
1605        25233.62920000
1606        25285.60460000
1607        25337.66710000
1608        25389.81670000
1609        25442.05340000
1610        25494.37750000
1611        25546.78910000
1612        25599.28820000
1613        25651.87490000
1614        25704.54940000
1615        25757.31170000
1616        25810.16210000
1617        25863.10050000
1618        25916.12720000
1619        25969.24220000
1620        26022.44560000
1621        26075.73750000
1622        26129.11810000
1623        26182.58740000
1624        26236.14570000
1625        26289.79290000
1626        26343.52920000
1627        26397.35470000
1628        26451.26950000
1629        26505.27380000
1630        26559.36760000
1631        26613.55110000
1632        26667.82430000
1633        26722.18740000
1634        26776.64050000
1635        26831.18380000
1636        26885.81720000
1637        26940.54090000
1638        26995.35510000
1639        27050.25990000
1640        27105.25530000
1641        27160.34150000
1642        27215.51860000
1643        27270.78670000
1644        27326.14590000
1645        27381.59640000
1646        27437.13820000
1647        27492.77150000
1648        27548.49630000
1649        27604.31280000
1650        27660.22110000
1651        27716.22140000
1652        27772.31360000
1653        27828.49800000
1654        27884.77470000
1655        27941.14370000
1656        27997.60520000
1657        28054.15930000
1658        28110.80620000
1659        28167.54580000
1660        28224.37840000
1661        28281.30400000
1662        28338.32280000
1663        28395.43490000
1664        28452.64040000
1665        28509.93950000
1666        28567.33210000
1667        28624.81850000
1668        28682.39870000
1669        28740.07290000
1670        28797.84130000
1671        28855.70380000
1672        28913.66060000
1673        28971.71190000
1674        29029.85770000
1675        29088.09820000
1676        29146.43350000
1677        29204.86370000
1678        29263.38890000
1679        29322.00920000
1680        29380.72480000
1681        29439.53570000
1682        29498.44210000
1683        29557.44420000
1684        29616.54190000
1685        29675.73550000
1686        29735.02500000
1687        29794.41060000
1688        29853.89230000
1689        29913.47040000
1690        29973.14480000
1691        30032.91580000
1692        30092.78350000
1693        30152.74790000
1694        30212.80920000
1695        30272.96750000
1696        30333.22290000
1697        30393.57560000
1698        30454.02560000
1699        30514.57310000
1700        30575.21820000
1701        30635.96100000
1702        30696.80160000
1703        30757.74010000
1704        30818.77670000
1705        30879.91150000
1706        30941.14460000
1707        31002.47610000
1708        31063.90620000
1709        31125.43490000
1710        31187.06230000
1711        31248.78870000
1712        31310.61410000
1713        31372.53860000
1714        31434.56240000
1715        31496.68550000
1716        31558.90810000
1717        31621.23030000
1718        31683.65220000
1719        31746.17400000
1720        31808.79580000
1721        31871.51760000
1722        31934.33970000
1723        31997.26200000
1724        32060.28490000
1725        32123.40820000
1726        32186.63230000
1727        32249.95710000
1728        32313.38290000
1729        32376.90980000
1730        32440.53780000
1731        32504.26700000
1732        32568.09770000
1733        32632.03000000
1734        32696.06380000
1735        32760.19940000
1736        32824.43700000
1737        32888.77650000
1738        32953.21820000
1739        33017.76210000
1740        33082.40840000
1741        33147.15720000
1742        33212.00860000
1743        33276.96270000
1744        33342.01970000
1745        33407.17970000
1746        33472.44270000
1747        33537.80910000
1748        33603.27870000
1749        33668.85180000
1750        33734.52850000
1751        33800.30900000
1752        33866.19320000
1753        33932.18140000
1754        33998.27370000
1755        34064.47020000
1756        34130.77100000
1757        34197.17630000
1758        34263.68610000
1759        34330.30070000
1760        34397.02000000
1761        34463.84430000
1762        34530.77360000
1763        34597.80820000
1764        34664.94800000
1765        34732.19330000
1766        34799.54410000
1767        34867.00060000
1768        34934.56290000
1769        35002.23110000
1770        35070.00540000
1771        35137.88590000
1772        35205.87260000
1773        35273.96580000
1774        35342.16550000
1775        35410.47190000
1776        35478.88500000
1777        35547.40510000
1778        35616.03220000
1779        35684.76650000
1780        35753.60810000
1781        35822.55710000
1782        35891.61370000
1783        35960.77790000
1784        36030.04990000
1785        36099.42980000
1786        36168.91770000
1787        36238.51380000
1788        36308.21820000
1789        36378.03100000
1790        36447.95240000
1791        36517.98240000
1792        36588.12120000
1793        36658.36890000
1794        36728.72570000
1795        36799.19160000
1796        36869.76680000
1797        36940.45150000
1798        37011.24570000
1799        37082.14950000
1800        37153.16320000
1801        37224.28680000
1802        37295.52040000
1803        37366.86420000
1804        37438.31830000
1805        37509.88290000
1806        37581.55800000
1807        37653.34380000
1808        37725.24030000
1809        37797.24790000
1810        37869.36650000
1811        37941.59620000
1812        38013.93730000
1813        38086.38990000
1814        38158.95400000
1815        38231.62980000
1816        38304.41740000
1817        38377.31700000
1818        38450.32870000
1819        38523.45260000
1820        38596.68880000
1821        38670.03750000
1822        38743.49870000
1823        38817.07270000
1824        38890.75960000
1825        38964.55940000
1826        39038.47230000
1827        39112.49850000
1828        39186.63800000
1829        39260.89100000
1830        39335.25760000
1831        39409.73800000
1832        39484.33220000
1833        39559.04050000
1834        39633.86290000
1835        39708.79950000
1836        39783.85050000
1837        39859.01610000
1838        39934.29630000
1839        40009.69130000
1840        40085.20120000
1841        40160.82610000
1842        40236.56620000
1843        40312.42160000
1844        40388.39240000
1845        40464.47880000
1846        40540.68090000
1847        40616.99870000
1848        40693.43250000
1849        40769.98240000
1850        40846.64850000
1851        40923.43100000
1852        41000.32990000
1853        41077.34530000
1854        41154.47760000
1855        41231.72660000
1856        41309.09270000
1857        41386.57590000
1858        41464.17630000
1859        41541.89410000
1860        41619.72940000
1861        41697.68240000
1862        41775.75310000
1863        41853.94170000
1864        41932.24840000
1865        42010.67320000
1866        42089.21640000
1867        42167.87790000
1868        42246.65800000
1869        42325.55680000
1870        42404.57450000
1871        42483.71100000
1872        42562.96670000
1873        42642.34160000
1874        42721.83580000
1875        42801.44950000
1876        42881.18290000
1877        42961.03590000
1878        43041.00890000
1879        43121.10190000
1880        43201.31500000
1881        43281.64830000
1882        43362.10210000
1883        43442.67650000
1884        43523.37150000
1885        43604.18730000
1886        43685.12400000
1887        43766.18180000
1888        43847.36080000
1889        43928.66120000
1890        44010.08300000
1891        44091.62650000
1892        44173.29160000
1893        44255.07870000
1894        44336.98770000
1895        44419.01890000
1896        44501.17230000
1897        44583.44820000
1898        44665.84660000
1899        44748.36760000
1900        44831.01150000
1901        44913.77830000
1902        44996.66820000
1903        45079.68130000
1904        45162.81770000
1905        45246.07760000
1906        45329.46110000
1907        45412.96840000
1908        45496.59950000
1909        45580.35470000
1910        45664.23400000
1911        45748.23760000
1912        45832.36560000
1913        45916.61810000
1914        46000.99540000
1915        46085.49740000
1916        46170.12440000
1917        46254.87660000
1918        46339.75390000
1919        46424.75660000
1920        46509.88480000
1921        46595.13860000
1922        46680.51820000
1923        46766.02370000
1924        46851.65530000
1925        46937.41300000
1926        47023.29700000
1927        47109.30750000
1928        47195.44460000
1929        47281.70840000
1930        47368.09900000
1931        47454.61660000
1932        47541.26140000
1933        47628.03340000
1934        47714.93280000
1935        47801.95980000
1936        47889.11440000
1937        47976.39680000
1938        48063.80720000
1939        48151.34570000
1940        48239.01230000
1941        48326.80740000
1942        48414.73090000
1943        48502.78310000
1944        48590.96400000
1945        48679.27380000
1946        48767.71270000
1947        48856.28080000
1948        48944.97810000
1949        49033.80500000
1950        49122.76140000
1951        49211.84750000
1952        49301.06350000
1953        49390.40950000
1954        49479.88570000
1955        49569.49210000
1956        49659.22890000
1957        49749.09630000
1958        49839.09440000
1959        49929.22340000
1960        50019.48320000
1961        50109.87420000
1962        50200.39650000
1963        50291.05010000
1964        50381.83530000
1965        50472.75210000
1966        50563.80070000
1967        50654.98120000
1968        50746.29380000
1969        50837.73870000
1970        50929.31590000
1971        51021.02550000
1972        51112.86790000
1973        51204.84290000
1974        51296.95090000
1975        51389.19200000
1976        51481.56620000
1977        51574.07380000
1978        51666.71480000
1979        51759.48940000
1980        51852.39780000
1981        51945.44010000
1982        52038.61630000
1983        52131.92680000
1984        52225.37160000
1985        52318.95080000
1986        52412.66450000
1987        52506.51300000
1988        52600.49640000
1989        52694.61480000
1990        52788.86830000
1991        52883.25710000
1992        52977.78130000
1993        53072.44110000
1994        53167.23660000
1995        53262.16800000
1996        53357.23530000
1997        53452.43880000
1998        53547.77850000
1999        53643.25460000
2000        53738.86730000
2001        53834.61670000
2002        53930.50290000
2003        54026.52610000
2004        54122.68640000
2005        54218.98390000
2006        54315.41890000
2007        54411.99130000
2008        54508.70150000
2009        54605.54950000
2010        54702.53540000
2011        54799.65940000
2012        54896.92170000
2013        54994.32240000
2014        55091.86160000
2015        55189.53950000
2016        55287.35610000
2017        55385.31180000
2018        55483.40650000
2019        55581.64050000
2020        55680.01380000
2021        55778.52670000
2022        55877.17920000
2023        55975.97150000
2024        56074.90380000
2025        56173.97620000
2026        56273.18880000
2027        56372.54170000
2028        56472.03520000
2029        56571.66940000
2030        56671.44430000
2031        56771.36030000
2032        56871.41720000
2033        56971.61550000
2034        57071.95510000
2035        57172.43620000
2036        57273.05900000
2037        57373.82360000
2038        57474.73010000
2039        57575.77870000
2040        57676.96960000
2041        57778.30280000
2042        57879.77850000
2043        57981.39700000
2044        58083.15820000
2045        58185.06240000
2046        58287.10960000
2047        58389.30010000
2048        58491.63400000
2049        58594.11150000
2050        58696.73250000
2051        58799.49740000
2052        58902.40630000
2053        59005.45930000
2054        59108.65650000
2055        59211.99810000
2056        59315.48420000
2057        59419.11500000
2058        59522.89070000
2059        59626.81130000
2060        59730.87700000
2061        59835.08800000
2062        59939.44440000
2063        60043.94630000
2064        60148.59390000
2065        60253.38740000
2066        60358.32680000
2067        60463.41240000
2068        60568.64420000
2069        60674.02240000
2070        60779.54730000
2071        60885.21880000
2072        60991.03710000
2073        61097.00250000
2074        61203.11500000
2075        61309.37480000
2076        61415.78200000
2077        61522.33680000
2078        61629.03940000
2079        61735.88980000
2080        61842.88820000
2081        61950.03480000
2082        62057.32960000
2083        62164.77300000
2084        62272.36490000
2085        62380.10560000
2086        62487.99520000
2087        62596.03380000
2088        62704.22160000
2089        62812.55870000
2090        62921.04530000
2091        63029.68150000
2092        63138.46750000
2093        63247.40340000
2094        63356.48930000
2095        63465.72550000
2096        63575.11200000
2097        63684.64900000
2098        63794.33670000
2099        63904.17510000
2100        64014.16450000
2101        64124.30500000
2102        64234.59670000
2103        64345.03980000
2104        64455.63440000
2105        64566.38070000
2106        64677.27890000
2107        64788.32900000
2108        64899.53120000
2109        65010.88560000
2110        65122.39250000
2111        65234.05200000
2112        65345.86410000
2113        65457.82910000
2114        65569.94710000
2115        65682.21820000
2116        65794.64270000
2117        65907.22060000
2118        66019.95210000
2119        66132.83730000
2120        66245.87640000
2121        66359.06950000
2122        66472.41680000
2123        66585.91850000
2124        66699.57460000
2125        66813.38540000
2126        66927.35090000
2127        67041.47130000
2128        67155.74690000
2129        67270.17760000
2130        67384.76370000
2131        67499.50530000
2132        67614.40260000
2133        67729.45570000
2134        67844.66480000
2135        67960.03000000
2136        68075.55140000
2137        68191.22920000
2138        68307.06360000
2139        68423.05470000
2140        68539.20270000
2141        68655.50760000
2142        68771.96970000
2143        68888.58910000
2144        69005.36600000
2145        69122.30050000
2146        69239.39270000
2147        69356.64280000
2148        69474.05090000
2149        69591.61720000
2150        69709.34190000
2151        69827.22510000
2152        69945.26690000
2153        70063.46750000
2154        70181.82710000
2155        70300.34570000
2156        70419.02360000
2157        70537.86090000
2158        70656.85770000
2159        70776.01420000
2160        70895.33060000
2161        71014.80690000
2162        71134.44340000
2163        71254.24020000
2164        71374.19740000
2165        71494.31520000
2166        71614.59370000
2167        71735.03310000
2168        71855.63360000
2169        71976.39520000
2170        72097.31820000
2171        72218.40270000
2172        72339.64880000
2173        72461.05680000
2174        72582.62660000
2175        72704.35860000
2176        72826.25280000
2177        72948.30930000
2178        73070.52850000
2179        73192.91030000
2180        73315.45500000
2181        73438.16260000
2182        73561.03340000
2183        73684.06760000
2184        73807.26510000
2185        73930.62630000
2186        74054.15120000
2187        74177.84000000
2188        74301.69280000
2189        74425.70990000
2190        74549.89130000
2191        74674.23720000
2192        74798.74780000
2193        74923.42320000
2194        75048.26350000
2195        75173.26900000
2196        75298.43970000
2197        75423.77580000
2198        75549.27750000
2199        75674.94490000
2200        75800.77810000
2201        75926.77740000
2202        76052.94290000
2203        76179.27470000
2204        76305.77290000
2205        76432.43780000
2206        76559.26950000
2207        76686.26810000
2208        76813.43370000
2209        76940.76660000
2210        77068.26690000
2211        77195.93470000
2212        77323.77020000
2213        77451.77360000
2214        77579.94490000
2215        77708.28440000
2216        77836.79220000
2217        77965.46840000
2218        78094.31320000
2219        78223.32680000
2220        78352.50930000
2221        78481.86090000
2222        78611.38160000
2223        78741.07170000
2224        78870.93140000
2225        79000.96070000
2226        79131.15980000
2227        79261.52890000
2228        79392.06810000
2229        79522.77760000
2230        79653.65760000
2231        79784.70810000
2232        79915.92930000
2233        80047.32150000
2234        80178.88460000
2235        80310.61900000
2236        80442.52470000
2237        80574.60200000
2238        80706.85080000
2239        80839.27150000
2240        80971.86420000
2241        81104.62890000
2242        81237.56590000
2243        81370.67540000
2244        81503.95740000
2245        81637.41210000
2246        81771.03970000
2247        81904.84040000
2248        82038.81420000
2249        82172.96140000
2250        82307.28210000
2251        82441.77640000
2252        82576.44450000
2253        82711.28650000
2254        82846.30270000
2255        82981.49310000
2256        83116.85790000
2257        83252.39730000
2258        83388.11150000
2259        83524.00040000
2260        83660.06450000
2261        83796.30370000
2262        83932.71820000
2263        84069.30820000
2264        84206.07390000
2265        84343.01540000
2266        84480.13280000
2267        84617.42630000
2268        84754.89610000
2269        84892.54220000
2270        85030.36500000
2271        85168.36450000
2272        85306.54080000
2273        85444.89420000
2274        85583.42470000
2275        85722.13260000
2276        85861.01800000
2277        86000.08110000
2278        86139.32190000
2279        86278.74070000
2280        86418.33760000
2281        86558.11270000
2282        86698.06630000
2283        86838.19840000
2284        86978.50930000
2285        87118.99900000
2286        87259.66780000
2287        87400.51580000
2288        87541.54310000
2289        87682.74990000
2290        87824.13640000
2291        87965.70260000
2292        88107.44890000
2293        88249.37520000
2294        88391.48180000
2295        88533.76890000
2296        88676.23650000
2297        88818.88490000
2298        88961.71410000
2299        89104.72440000
2300        89247.91590000
2301        89391.28880000
2302        89534.84310000
2303        89678.57920000
2304        89822.49700000
2305        89966.59680000
2306        90110.87880000
2307        90255.34300000
2308        90399.98970000
2309        90544.81900000
2310        90689.83100000
2311        90835.02590000
2312        90980.40390000
2313        91125.96510000
2314        91271.70970000
2315        91417.63780000
2316        91563.74960000
2317        91710.04520000
2318        91856.52490000
2319        92003.18860000
2320        92150.03670000
2321        92297.06920000
2322        92444.28640000
2323        92591.68830000
2324        92739.27510000
2325        92887.04700000
2326        93035.00420000
2327        93183.14670000
2328        93331.47480000
2329        93479.98860000
2330        93628.68820000
2331        93777.57390000
2332        93926.64570000
2333        94075.90390000
2334        94225.34850000
2335        94374.97980000
2336        94524.79790000
2337        94674.80290000
2338        94824.99500000
2339        94975.37440000
2340        95125.94120000
2341        95276.69560000
2342        95427.63760000
2343        95578.76760000
2344        95730.08560000
2345        95881.59180000
2346        96033.28640000
2347        96185.16950000
2348        96337.24120000
2349        96489.50170000
2350        96641.95130000
2351        96794.58990000
2352        96947.41790000
2353        97100.43520000
2354        97253.64220000
2355        97407.03900000
2356        97560.62560000
2357        97714.40230000
2358        97868.36930000
2359        98022.52660000
2360        98176.87440000
2361        98331.41300000
2362        98486.14240000
2363        98641.06280000
2364        98796.17430000
2365        98951.47720000
2366        99106.97150000
2367        99262.65750000
2368        99418.53530000
2369        99574.60500000
2370        99730.86680000
2371        99887.32090000
2372       100043.96700000
2373       100200.80600000
2374       100357.83800000
2375       100515.06300000
2376       100672.48000000
2377       100830.09100000
2378       100987.89600000
2379       101145.89300000
2380       101304.08500000
2381       101462.47000000
2382       101621.04900000
2383       101779.82200000
2384       101938.79000000
2385       102097.95200000
2386       102257.30900000
2387       102416.86000000
2388       102576.60600000
2389       102736.54800000
2390       102896.68400000
2391       103057.01600000
2392       103217.54400000
2393       103378.26700000
2394       103539.18600000
2395       103700.30200000
2396       103861.61300000
2397       104023.12000000
2398       104184.82500000
2399       104346.72500000
2400       104508.82300000
2401       104671.11700000
2402       104833.60900000
2403       104996.29800000
2404       105159.18400000
2405       105322.26800000
2406       105485.54900000
2407       105649.02900000
2408       105812.70700000
2409       105976.58200000
2410       106140.65600000
2411       106304.92900000
2412       106469.40000000
2413       106634.07000000
2414       106798.94000000
2415       106964.00800000
2416       107129.27500000
2417       107294.74300000
2418       107460.40900000
2419       107626.27600000
2420       107792.34200000
2421       107958.60900000
2422       108125.07500000
2423       108291.74200000
2424       108458.61000000
2425       108625.67800000
2426       108792.94800000
2427       108960.41800000
2428       109128.08900000
2429       109295.96200000
2430       109464.03700000
2431       109632.31300000
2432       109800.79000000
2433       109969.47000000
2434       110138.35200000
2435       110307.43600000
2436       110476.72300000
2437       110646.21200000
2438       110815.90400000
2439       110985.79900000
2440       111155.89700000
2441       111326.19800000
2442       111496.70300000
2443       111667.41100000
2444       111838.32300000
2445       112009.43900000
2446       112180.75900000
2447       112352.28300000
2448       112524.01100000
2449       112695.94300000
2450       112868.08100000
2451       113040.42300000
2452       113212.97000000
2453       113385.72200000
2454       113558.68000000
2455       113731.84300000
2456       113905.21100000
2457       114078.78600000
2458       114252.56600000
2459       114426.55200000
2460       114600.74500000
2461       114775.14300000
2462       114949.74900000
2463       115124.56100000
2464       115299.58000000
2465       115474.80600000
2466       115650.23900000
2467       115825.87900000
2468       116001.72700000
2469       116177.78200000
2470       116354.04600000
2471       116530.51700000
2472       116707.19600000
2473       116884.08400000
2474       117061.18000000
2475       117238.48400000
2476       117415.99700000
2477       117593.71900000
2478       117771.65100000
2479       117949.79100000
2480       118128.14100000
2481       118306.70000000
2482       118485.46900000
2483       118664.44800000
2484       118843.63700000
2485       119023.03500000
2486       119202.64500000
2487       119382.46400000
2488       119562.49500000
2489       119742.73600000
2490       119923.18800000
2491       120103.85100000
2492       120284.72500000
2493       120465.81100000
2494       120647.10800000
2495       120828.61700000
2496       121010.33800000
2497       121192.27100000
2498       121374.41600000
2499       121556.77300000
2500       121739.34300000
2501       121922.12600000
2502       122105.12100000
2503       122288.32900000
2504       122471.75100000
2505       122655.38500000
2506       122839.23400000
2507       123023.29500000
2508       123207.57100000
2509       123392.06000000
2510       123576.76400000
2511       123761.68200000
2512       123946.81400000
2513       124132.16100000
2514       124317.72200000
2515       124503.49800000
2516       124689.49000000
2517       124875.69600000
2518       125062.11800000
2519       125248.75500000
2520       125435.60800000
2521       125622.67600000
2522       125809.96100000
2523       125997.46200000
2524       126185.17900000
2525       126373.11200000
2526       126561.26200000
2527       126749.62900000
2528       126938.21300000
2529       127127.01300000
2530       127316.03100000
2531       127505.26700000
2532       127694.71900000
2533       127884.39000000
2534       128074.27800000
2535       128264.38400000
2536       128454.70900000
2537       128645.25200000
2538       128836.01300000
2539       129026.99300000
2540       129218.19100000
2541       129409.60900000
2542       129601.24500000
2543       129793.10100000
2544       129985.17700000
2545       130177.47100000
2546       130369.98600000
2547       130562.72000000
2548       130755.67500000
2549       130948.85000000
2550       131142.24500000
2551       131335.86000000
2552       131529.69600000
2553       131723.75300000
2554       131918.03100000
2555       132112.53000000
2556       132307.25100000
2557       132502.19200000
2558       132697.35600000
2559       132892.74100000
2560       133088.34800000
2561       133284.17700000
2562       133480.22800000
2563       133676.50200000
2564       133872.99800000
2565       134069.71700000
2566       134266.65900000
2567       134463.82400000
2568       134661.21200000
2569       134858.82300000
2570       135056.65800000
2571       135254.71600000
2572       135452.99800000
2573       135651.50500000
2574       135850.23500000
2575       136049.18900000
2576       136248.36800000
2577       136447.77100000
2578       136647.40000000
2579       136847.25300000
2580       137047.33100000
2581       137247.63400000
2582       137448.16300000
2583       137648.91700000
2584       137849.89700000
2585       138051.10200000
2586       138252.53400000
2587       138454.19100000
2588       138656.07500000
2589       138858.18600000
2590       139060.52300000
2591       139263.08700000
2592       139465.87700000
2593       139668.89500000
2594       139872.14000000
2595       140075.61200000
2596       140279.31200000
2597       140483.24000000
2598       140687.39500000
2599       140891.77800000
2600       141096.39000000
2601       141301.23000000
2602       141506.29800000
2603       141711.59500000
2604       141917.12100000
2605       142122.87600000
2606       142328.85900000
2607       142535.07200000
2608       142741.51500000
2609       142948.18700000
2610       143155.08800000
2611       143362.22000000
2612       143569.58200000
2613       143777.17300000
2614       143984.99500000
2615       144193.04800000
2616       144401.33100000
2617       144609.84500000
2618       144818.59000000
2619       145027.56600000
2620       145236.77400000
2621       145446.21200000
2622       145655.88300000
2623       145865.78500000
2624       146075.91900000
2625       146286.28500000
2626       146496.88300000
2627       146707.71400000
2628       146918.77700000
2629       147130.07200000
2630       147341.60100000
2631       147553.36300000
2632       147765.35700000
2633       147977.58500000
2634       148190.04700000
2635       148402.74200000
2636       148615.67000000
2637       148828.83300000
2638       149042.23000000
2639       149255.86100000
2640       149469.72600000
2641       149683.82600000
2642       149898.16000000
2643       150112.72900000
2644       150327.53400000
2645       150542.57300000
2646       150757.84800000
2647       150973.35800000
2648       151189.10400000
2649       151405.08600000
2650       151621.30300000
2651       151837.75700000
2652       152054.44600000
2653       152271.37300000
2654       152488.53500000
2655       152705.93500000
2656       152923.57100000
2657       153141.44400000
2658       153359.55400000
2659       153577.90200000
2660       153796.48700000
2661       154015.31000000
2662       154234.37100000
2663       154453.66900000
2664       154673.20600000
2665       154892.98000000
2666       155112.99300000
2667       155333.24500000
2668       155553.73500000
2669       155774.46500000
2670       155995.43300000
2671       156216.64000000
2672       156438.08700000
2673       156659.77300000
2674       156881.69900000
2675       157103.86500000
2676       157326.27000000
2677       157548.91600000
2678       157771.80100000
2679       157994.92800000
2680       158218.29400000
2681       158441.90200000
2682       158665.75000000
2683       158889.83900000
2684       159114.17000000
2685       159338.74100000
2686       159563.55400000
2687       159788.60900000
2688       160013.90600000
2689       160239.44400000
2690       160465.22500000
2691       160691.24800000
2692       160917.51300000
2693       161144.02000000
2694       161370.77100000
2695       161597.76400000
2696       161825.00000000
2697       162052.48000000
2698       162280.20200000
2699       162508.16900000
2700       162736.37800000
2701       162964.83200000
2702       163193.52900000
2703       163422.47100000
2704       163651.65600000
2705       163881.08600000
2706       164110.76100000
2707       164340.68000000
2708       164570.84400000
2709       164801.25300000
2710       165031.90800000
2711       165262.80700000
2712       165493.95200000
2713       165725.34300000
2714       165956.97900000
2715       166188.86100000
2716       166420.98900000
2717       166653.36400000
2718       166885.98400000
2719       167118.85200000
2720       167351.96600000
2721       167585.32600000
2722       167818.93400000
2723       168052.78900000
2724       168286.89100000
2725       168521.24100000
2726       168755.83800000
2727       168990.68300000
2728       169225.77500000
2729       169461.11600000
2730       169696.70500000
2731       169932.54200000
2732       170168.62800000
2733       170404.96200000
2734       170641.54500000
2735       170878.37700000
2736       171115.45800000
2737       171352.78900000
2738       171590.36900000
2739       171828.19800000
2740       172066.27700000
2741       172304.60600000
2742       172543.18500000
2743       172782.01400000
2744       173021.09300000
2745       173260.42300000
2746       173500.00300000
2747       173739.83400000
2748       173979.91700000
2749       174220.25000000
2750       174460.83400000
2751       174701.67000000
2752       174942.75700000
2753       175184.09600000
2754       175425.68600000
2755       175667.52900000
2756       175909.62400000
2757       176151.97100000
2758       176394.57000000
2759       176637.42200000
2760       176880.52700000
2761       177123.88400000
2762       177367.49500000
2763       177611.35900000
2764       177855.47600000
2765       178099.84600000
2766       178344.47000000
2767       178589.34800000
2768       178834.48000000
2769       179079.86600000
2770       179325.50600000
2771       179571.40100000
2772       179817.55000000
2773       180063.95300000
2774       180310.61200000
2775       180557.52500000
2776       180804.69400000
2777       181052.11800000
2778       181299.79700000
2779       181547.73200000
2780       181795.92300000
2781       182044.36900000
2782       182293.07100000
2783       182542.03000000
2784       182791.24500000
2785       183040.71600000
2786       183290.44400000
2787       183540.42900000
2788       183790.67100000
2789       184041.17000000
2790       184291.92600000
2791       184542.93900000
2792       184794.21000000
2793       185045.73800000
2794       185297.52500000
2795       185549.56900000
2796       185801.87100000
2797       186054.43200000
2798       186307.25100000
2799       186560.32900000
2800       186813.66500000
2801       187067.26000000
2802       187321.11400000
2803       187575.22800000
2804       187829.60000000
2805       188084.23200000
2806       188339.12400000
2807       188594.27500000
2808       188849.68700000
2809       189105.35800000
2810       189361.29000000
2811       189617.48100000
2812       189873.93400000
2813       190130.64700000
2814       190387.62000000
2815       190644.85500000
2816       190902.35100000
2817       191160.10800000
2818       191418.12600000
2819       191676.40600000
2820       191934.94800000
2821       192193.75100000
2822       192452.81600000
2823       192712.14400000
2824       192971.73300000
2825       193231.58500000
2826       193491.70000000
2827       193752.07700000
2828       194012.71700000
2829       194273.62100000
2830       194534.78700000
2831       194796.21700000
2832       195057.91000000
2833       195319.86600000
2834       195582.08600000
2835       195844.57100000
2836       196107.31900000
2837       196370.33100000
2838       196633.60800000
2839       196897.14900000
2840       197160.95500000
2841       197425.02600000
2842       197689.36100000
2843       197953.96200000
2844       198218.82700000
2845       198483.95800000
2846       198749.35500000
2847       199015.01700000
2848       199280.94500000
2849       199547.13900000
2850       199813.59900000
2851       200080.32500000
2852       200347.31700000
2853       200614.57600000
2854       200882.10200000
2855       201149.89500000
2856       201417.95400000
2857       201686.28100000
2858       201954.87400000
2859       202223.73600000
2860       202492.86400000
2861       202762.26100000
2862       203031.92500000
2863       203301.85700000
2864       203572.05700000
2865       203842.52600000
2866       204113.26300000
2867       204384.26800000
2868       204655.54200000
2869       204927.08500000
2870       205198.89700000
2871       205470.97900000
2872       205743.32900000
2873       206015.94900000
2874       206288.83800000
2875       206561.99700000
2876       206835.42600000
2877       207109.12500000
2878       207383.09400000
2879       207657.33400000
2880       207931.84300000
2881       208206.62400000
2882       208481.67500000
2883       208756.99700000
2884       209032.59000000
2885       209308.45400000
2886       209584.58900000
2887       209860.99600000
2888       210137.67400000
2889       210414.62400000
2890       210691.84600000
2891       210969.34000000
2892       211247.10700000
2893       211525.14500000
2894       211803.45600000
2895       212082.03900000
2896       212360.89600000
2897       212640.02500000
2898       212919.42700000
2899       213199.10200000
2900       213479.05100000
2901       213759.27300000
2902       214039.76800000
2903       214320.53800000
2904       214601.58100000
2905       214882.89800000
2906       215164.48900000
2907       215446.35500000
2908       215728.49500000
2909       216010.91000000
2910       216293.60000000
2911       216576.56400000
2912       216859.80300000
2913       217143.31800000
2914       217427.10700000
2915       217711.17300000
2916       217995.51400000
2917       218280.13000000
2918       218565.02300000
2919       218850.19100000
2920       219135.63600000
2921       219421.35600000
2922       219707.35400000
2923       219993.62800000
2924       220280.17800000
2925       220567.00600000
2926       220854.11000000
2927       221141.49200000
2928       221429.15100000
2929       221717.08700000
2930       222005.30100000
2931       222293.79200000
2932       222582.56200000
2933       222871.60900000
2934       223160.93500000
2935       223450.53900000
2936       223740.42100000
2937       224030.58200000
2938       224321.02100000
2939       224611.74000000
2940       224902.73700000
2941       225194.01300000
2942       225485.56900000
2943       225777.40400000
2944       226069.51900000
2945       226361.91300000
2946       226654.58700000
2947       226947.54100000
2948       227240.77500000
2949       227534.29000000
2950       227828.08400000
2951       228122.16000000
2952       228416.51600000
2953       228711.15200000
2954       229006.07000000
2955       229301.26900000
2956       229596.74900000
2957       229892.51000000
2958       230188.55300000
2959       230484.87700000
2960       230781.48300000
2961       231078.37200000
2962       231375.54200000
2963       231672.99400000
2964       231970.72900000
2965       232268.74600000
2966       232567.04600000
2967       232865.62800000
2968       233164.49300000
2969       233463.64200000
2970       233763.07300000
2971       234062.78800000
2972       234362.78600000
2973       234663.06800000
2974       234963.63400000
2975       235264.48300000
2976       235565.61700000
2977       235867.03400000
2978       236168.73600000
2979       236470.72200000
2980       236772.99300000
2981       237075.54800000
2982       237378.38800000
2983       237681.51400000
2984       237984.92400000
2985       238288.61900000
2986       238592.60000000
2987       238896.86700000
2988       239201.41900000
2989       239506.25600000
2990       239811.38000000
2991       240116.79000000
2992       240422.48600000
2993       240728.46800000
2994       241034.73700000
2995       241341.29200000
2996       241648.13400000
2997       241955.26300000
2998       242262.67900000
2999       242570.38200000
3000       242878.37200000
3001       243186.65000000
3002       243495.21500000
3003       243804.06800000
3004       244113.20900000
3005       244422.63700000
3006       244732.35400000
3007       245042.35900000
3008       245352.65300000
3009       245663.23500000
3010       245974.10500000
3011       246285.26500000
3012       246596.71300000
3013       246908.45000000
3014       247220.47700000
3015       247532.79200000
3016       247845.39800000
3017       248158.29300000
3018       248471.47700000
3019       248784.95100000
3020       249098.71600000
3021       249412.77000000
3022       249727.11500000
3023       250041.75000000
3024       250356.67600000
3025       250671.89200000
3026       250987.39900000
3027       251303.19700000
3028       251619.28700000
3029       251935.66700000
3030       252252.33900000
3031       252569.30200000
3032       252886.55600000
3033       253204.10300000
3034       253521.94100000
3035       253840.07200000
3036       254158.49400000
3037       254477.20900000
3038       254796.21600000
3039       255115.51600000
3040       255435.10800000
3041       255754.99300000
3042       256075.17100000
3043       256395.64200000
3044       256716.40700000
3045       257037.46400000
3046       257358.81500000
3047       257680.46000000
3048       258002.39900000
3049       258324.63100000
3050       258647.15700000
3051       258969.97800000
3052       259293.09200000
3053       259616.50100000
3054       259940.20500000
3055       260264.20300000
3056       260588.49600000
3057       260913.08400000
3058       261237.96700000
3059       261563.14600000
3060       261888.61900000
3061       262214.38800000
3062       262540.45300000
3063       262866.81300000
3064       263193.46900000
3065       263520.42100000
3066       263847.66900000
3067       264175.21400000
3068       264503.05500000
3069       264831.19200000
3070       265159.62600000
3071       265488.35700000
3072       265817.38400000
3073       266146.70900000
3074       266476.33100000
3075       266806.25000000
3076       267136.46600000
3077       267466.98000000
3078       267797.79200000
3079       268128.90100000
3080       268460.30900000
3081       268792.01400000
3082       269124.01800000
3083       269456.32000000
3084       269788.92000000
3085       270121.81900000
3086       270455.01700000
3087       270788.51300000
3088       271122.30900000
3089       271456.40300000
3090       271790.79700000
3091       272125.49000000
3092       272460.48300000
3093       272795.77500000
3094       273131.36700000
3095       273467.25900000
3096       273803.45100000
3097       274139.94300000
3098       274476.73600000
3099       274813.82800000
3100       275151.22200000
3101       275488.91500000
3102       275826.91000000
3103       276165.20600000
3104       276503.80200000
3105       276842.70000000
3106       277181.89900000
3107       277521.39900000
3108       277861.20100000
3109       278201.30500000
3110       278541.71000000
3111       278882.41800000
3112       279223.42700000
3113       279564.73900000
3114       279906.35200000
3115       280248.26900000
3116       280590.48800000
3117       280933.00900000
3118       281275.83300000
3119       281618.96100000
3120       281962.39100000
3121       282306.12500000
3122       282650.16200000
3123       282994.50200000
3124       283339.14600000
3125       283684.09300000
3126       284029.34500000
3127       284374.90000000
3128       284720.76000000
3129       285066.92300000
3130       285413.39100000
3131       285760.16400000
3132       286107.24100000
3133       286454.62200000
3134       286802.30900000
3135       287150.30000000
3136       287498.59700000
3137       287847.19900000
3138       288196.10600000
3139       288545.31800000
3140       288894.83700000
3141       289244.66000000
3142       289594.79000000
3143       289945.22600000
3144       290295.96700000
3145       290647.01500000
3146       290998.37000000
3147       291350.03000000
3148       291701.99800000
3149       292054.27200000
3150       292406.85200000
3151       292759.74000000
3152       293112.93500000
3153       293466.43700000
3154       293820.24600000
3155       294174.36300000
3156       294528.78800000
3157       294883.52000000
3158       295238.56000000
3159       295593.90700000
3160       295949.56300000
3161       296305.52700000
3162       296661.80000000
3163       297018.38100000
3164       297375.27000000
3165       297732.46800000
3166       298089.97500000
3167       298447.79100000
3168       298805.91500000
3169       299164.34900000
3170       299523.09300000
3171       299882.14500000
3172       300241.50800000
3173       300601.17900000
3174       300961.16100000
3175       301321.45300000
3176       301682.05400000
3177       302042.96600000
3178       302404.18800000
3179       302765.72000000
3180       303127.56300000
3181       303489.71700000
3182       303852.18100000
3183       304214.95600000
3184       304578.04200000
3185       304941.43900000
3186       305305.14800000
3187       305669.16800000
3188       306033.49900000
3189       306398.14200000
3190       306763.09700000
3191       307128.36300000
3192       307493.94100000
3193       307859.83200000
3194       308226.03500000
3195       308592.55000000
3196       308959.37700000
3197       309326.51700000
3198       309693.97000000
3199       310061.73500000
3200       310429.81400000
3201       310798.20500000
3202       311166.91000000
3203       311535.92700000
3204       311905.25900000
3205       312274.90300000
3206       312644.86200000
3207       313015.13400000
3208       313385.72000000
3209       313756.62000000
3210       314127.83400000
3211       314499.36300000
3212       314871.20500000
3213       315243.36200000
3214       315615.83400000
3215       315988.62100000
3216       316361.72200000
3217       316735.13800000
3218       317108.86900000
3219       317482.91600000
3220       317857.27700000
3221       318231.95500000
3222       318606.94700000
3223       318982.25600000
3224       319357.88000000
3225       319733.81900000
3226       320110.07500000
3227       320486.64700000
3228       320863.53600000
3229       321240.74000000
3230       321618.26100000
3231       321996.09900000
3232       322374.25300000
3233       322752.72500000
3234       323131.51300000
3235       323510.61800000
3236       323890.04000000
3237       324269.78000000
3238       324649.83700000
3239       325030.21100000
3240       325410.90300000
3241       325791.91300000
3242       326173.24100000
3243       326554.88600000
3244       326936.85000000
3245       327319.13200000
3246       327701.73200000
3247       328084.65100000
3248       328467.88800000
3249       328851.44400000
3250       329235.31900000
3251       329619.51200000
3252       330004.02500000
3253       330388.85700000
3254       330774.00800000
3255       331159.47800000
3256       331545.26800000
3257       331931.37700000
3258       332317.80600000
3259       332704.55500000
3260       333091.62400000
3261       333479.01300000
3262       333866.72200000
3263       334254.75100000
3264       334643.10100000
3265       335031.77100000
3266       335420.76100000
3267       335810.07300000
3268       336199.70500000
3269       336589.65800000
3270       336979.93300000
3271       337370.52800000
3272       337761.44500000
3273       338152.68300000
3274       338544.24200000
3275       338936.12400000
3276       339328.32700000
3277       339720.85100000
3278       340113.69800000
3279       340506.86700000
3280       340900.35800000
3281       341294.17100000
3282       341688.30700000
3283       342082.76500000
3284       342477.54600000
3285       342872.65000000
3286       343268.07600000
3287       343663.82600000
3288       344059.89800000
3289       344456.29400000
3290       344853.01300000
3291       345250.05500000
3292       345647.42100000
3293       346045.11100000
3294       346443.12400000
3295       346841.46100000
3296       347240.12200000
3297       347639.10700000
3298       348038.41700000
3299       348438.05000000
3300       348838.00900000
3301       349238.29100000
3302       349638.89800000
3303       350039.83000000
3304       350441.08700000
3305       350842.66900000
3306       351244.57500000
3307       351646.80700000
3308       352049.36500000
3309       352452.24700000
3310       352855.45500000
3311       353258.98900000
3312       353662.84800000
3313       354067.03400000
3314       354471.54500000
3315       354876.38200000
3316       355281.54500000
3317       355687.03500000
3318       356092.85100000
3319       356498.99300000
3320       356905.46200000
3321       357312.25800000
3322       357719.38100000
3323       358126.83000000
3324       358534.60700000
3325       358942.71000000
3326       359351.14100000
3327       359759.89900000
3328       360168.98500000
3329       360578.39800000
3330       360988.13900000
3331       361398.20700000
3332       361808.60400000
3333       362219.32800000
3334       362630.38100000
3335       363041.76100000
3336       363453.47000000
3337       363865.50800000
3338       364277.87400000
3339       364690.56800000
3340       365103.59200000
3341       365516.94400000
3342       365930.62500000
3343       366344.63500000
3344       366758.97400000
3345       367173.64200000
3346       367588.64000000
3347       368003.96800000
3348       368419.62400000
3349       368835.61100000
3350       369251.92700000
3351       369668.57300000
3352       370085.55000000
3353       370502.85600000
3354       370920.49200000
3355       371338.45900000
3356       371756.75600000
3357       372175.38400000
3358       372594.34200000
3359       373013.63200000
3360       373433.25100000
3361       373853.20200000
3362       374273.48400000
3363       374694.09700000
3364       375115.04100000
3365       375536.31700000
3366       375957.92400000
3367       376379.86200000
3368       376802.13300000
3369       377224.73500000
3370       377647.66800000
3371       378070.93400000
3372       378494.53200000
3373       378918.46200000
3374       379342.72400000
3375       379767.31900000
3376       380192.24600000
3377       380617.50600000
3378       381043.09800000
3379       381469.02400000
3380       381895.28200000
3381       382321.87300000
3382       382748.79700000
3383       383176.05400000
3384       383603.64500000
3385       384031.56900000
3386       384459.82700000
3387       384888.41800000
3388       385317.34300000
3389       385746.60100000
3390       386176.19400000
3391       386606.12000000
3392       387036.38100000
3393       387466.97600000
3394       387897.90500000
3395       388329.16900000
3396       388760.76700000
3397       389192.69900000
3398       389624.96700000
3399       390057.56900000
3400       390490.50600000
3401       390923.77800000
3402       391357.38500000
3403       391791.32800000
3404       392225.60600000
3405       392660.21900000
3406       393095.16700000
3407       393530.45100000
3408       393966.07100000
3409       394402.02700000
3410       394838.31900000
3411       395274.94600000
3412       395711.91000000
3413       396149.21000000
3414       396586.84600000
3415       397024.81900000
3416       397463.12800000
3417       397901.77400000
3418       398340.75600000
3419       398780.07500000
3420       399219.73100000
3421       399659.72400000
3422       400100.05400000
3423       400540.72200000
3424       400981.72600000
3425       401423.06800000
3426       401864.74800000
3427       402306.76500000
3428       402749.11900000
3429       403191.81200000
3430       403634.84200000
3431       404078.21000000
3432       404521.91700000
3433       404965.96100000
3434       405410.34400000
3435       405855.06500000
3436       406300.12400000
3437       406745.52200000
3438       407191.25900000
3439       407637.33400000
3440       408083.74800000
3441       408530.50100000
3442       408977.59300000
3443       409425.02500000
3444       409872.79500000
3445       410320.90500000
3446       410769.35400000
3447       411218.14200000
3448       411667.27000000
3449       412116.73800000
3450       412566.54600000
3451       413016.69300000
3452       413467.18100000
3453       413918.00800000
3454       414369.17600000
3455       414820.68400000
3456       415272.53200000
3457       415724.72100000
3458       416177.25000000
3459       416630.12000000
3460       417083.33100000
3461       417536.88200000
3462       417990.77400000
3463       418445.00700000
3464       418899.58200000
3465       419354.49700000
3466       419809.75400000
3467       420265.35200000
3468       420721.29200000
3469       421177.57300000
3470       421634.19600000
3471       422091.16100000
3472       422548.46700000
3473       423006.11500000
3474       423464.10600000
3475       423922.43800000
3476       424381.11300000
3477       424840.13000000
3478       425299.48900000
3479       425759.19100000
3480       426219.23600000
3481       426679.62300000
3482       427140.35300000
3483       427601.42500000
3484       428062.84100000
3485       428524.60000000
3486       428986.70100000
3487       429449.14600000
3488       429911.93500000
3489       430375.06600000
3490       430838.54100000
3491       431302.36000000
3492       431766.52200000
3493       432231.02900000
3494       432695.87900000
3495       433161.07200000
3496       433626.61000000
3497       434092.49200000
3498       434558.71900000
3499       435025.28900000
3500       435492.20400000
